05.09.2017	21:16:22	24.10	53.00	18.00	51.00	33.53	101613.88	20.00	999	37	116	1008	764	26	25	0	0	0	1	0	0	256	253	0.01
05.09.2017	21:16:31	23.90	53.30	18.00	55.00	33.58	101614.21	20.00	999	35	114	1008	764	24	25	0	0	0	1	0	0	256	255	0.01
05.09.2017	21:18:47	23.80	53.20	17.00	55.00	33.87	101610.30	20.06	999	37	114	1007	752	24	24	0	0	0	1	0	0	256	253	0.02
05.09.2017	21:18:55	23.90	53.40	17.00	55.00	33.95	101610.78	20.00	999	36	114	1007	751	23	24	0	0	0	1	0	0	256	252	0.01
05.09.2017	21:19:05	23.90	53.60	18.00	55.00	34.04	101612.73	20.00	1000	33	114	1008	754	22	24	0	0	0	1	0	0	256	253	0.02
05.09.2017	21:19:15	23.90	53.80	18.00	55.00	33.99	101613.70	20.00	1000	34	113	1008	754	22	21	0	0	0	1	0	0	256	253	0.02
05.09.2017	21:19:25	23.80	53.70	18.00	55.00	33.78	101613.72	20.00	1000	31	113	1008	752	20	22	0	0	0	1	0	0	256	253	0.01
05.09.2017	21:21:45	23.80	53.80	18.00	56.00	33.67	101619.64	19.88	999	35	114	1007	904	21	24	0	0	0	1	0	0	256	254	0.03
05.09.2017	21:21:55	23.70	53.70	17.00	55.00	33.73	101615.04	19.94	999	33	113	1008	906	21	21	0	0	0	1	0	0	256	253	0.02
05.09.2017	21:22:03	23.70	53.70	17.00	55.00	33.82	101614.12	19.94	998	34	113	1007	904	22	23	0	0	0	1	0	0	256	253	0.01
05.09.2017	21:22:13	23.70	53.70	18.00	55.00	33.83	101618.13	19.94	1000	33	112	1008	903	21	22	0	0	0	1	0	0	256	253	0.02
05.09.2017	21:22:23	23.70	53.70	17.00	55.00	33.78	101617.58	19.94	1000	33	113	1008	905	21	22	0	0	0	1	0	0	256	253	0.01
05.09.2017	21:22:33	23.70	53.70	18.00	55.00	33.82	101613.45	19.94	999	34	112	1008	906	20	22	0	0	0	1	0	0	256	254	0.02
05.09.2017	21:22:43	23.70	53.70	18.00	55.00	33.89	101614.86	19.94	1000	33	113	1008	906	21	22	0	0	0	1	0	0	256	253	0.02
05.09.2017	21:22:53	23.80	53.80	18.00	56.00	33.95	101614.63	19.88	1000	34	113	1008	905	21	22	0	0	0	1	0	0	256	254	0.01
05.09.2017	21:23:03	23.70	53.70	18.00	56.00	33.97	101616.86	19.94	1000	34	113	1008	905	21	22	0	0	0	1	0	0	256	252	0.01
05.09.2017	21:23:13	23.70	53.70	18.00	56.00	33.86	101619.30	19.94	1000	34	114	1008	905	21	22	0	0	0	1	0	0	256	253	0.02
05.09.2017	21:23:29	23.80	53.80	17.00	56.00	33.69	101619.00	19.88	999	36	113	1007	904	23	23	0	0	0	1	0	0	256	254	0.01
05.09.2017	21:23:36	23.80	53.80	17.00	55.00	33.73	101620.80	19.88	998	36	114	1007	903	24	24	0	0	0	1	0	0	256	253	0.01
05.09.2017	21:24:56	23.80	53.70	17.00	55.00	33.24	101617.41	19.81	998	37	114	1007	904	23	23	0	0	0	1	0	0	256	254	0.02
05.09.2017	21:25:06	23.80	53.80	18.00	55.00	33.36	101617.61	19.81	999	36	113	1008	905	21	22	0	0	0	1	0	0	256	253	0.01
05.09.2017	21:25:16	23.70	53.60	17.00	55.00	33.52	101619.00	19.81	999	34	113	1008	905	21	22	0	0	0	1	0	0	256	253	0.01
05.09.2017	21:25:26	23.70	53.70	17.00	56.00	33.26	101617.59	19.81	999	34	113	1008	906	21	22	0	0	0	1	0	0	256	254	0.02
05.09.2017	21:25:36	23.80	53.80	17.00	56.00	33.31	101617.62	19.81	1000	34	113	1008	906	21	22	0	0	0	1	0	0	256	254	0.01
05.09.2017	21:25:46	23.80	53.80	17.00	56.00	33.41	101622.00	19.81	1000	35	112	1008	905	22	22	0	0	0	1	0	0	256	253	0.01
05.09.2017	21:25:56	23.80	53.80	17.00	56.00	33.46	101620.03	19.81	999	33	114	1007	905	22	22	0	0	0	1	0	0	256	254	0.01
05.09.2017	21:26:06	23.80	53.70	17.00	56.00	33.54	101621.89	19.81	1000	34	113	1008	906	21	22	0	0	0	1	0	0	256	253	0.02
05.09.2017	21:26:16	23.80	53.80	17.00	56.00	33.57	101619.49	19.81	1000	34	113	1007	906	24	23	0	0	0	1	0	0	256	253	0.02
05.09.2017	21:26:27	23.80	53.80	17.00	56.00	33.70	101620.16	19.81	1000	34	113	1007	905	22	22	0	0	0	1	0	0	256	253	0.01
05.09.2017	21:26:37	23.70	53.70	17.00	56.00	33.82	101618.31	19.88	1000	35	112	1008	910	21	22	0	0	0	1	0	0	256	253	0.01
05.09.2017	21:26:47	23.70	53.70	17.00	56.00	33.86	101618.30	19.88	999	34	112	1008	906	21	22	0	0	0	1	0	0	256	255	0.02
05.09.2017	21:26:57	23.80	53.70	17.00	56.00	33.81	101618.91	19.88	999	35	111	1008	905	23	22	0	0	0	1	0	0	256	254	0.02
05.09.2017	21:27:07	23.80	53.70	17.00	56.00	33.70	101620.30	19.88	1000	33	112	1008	905	22	22	0	0	0	1	0	0	256	253	0.01
05.09.2017	21:27:17	23.80	53.70	17.00	56.00	33.60	101620.80	19.81	1000	33	113	1008	906	21	23	0	0	0	1	0	0	256	253	0.02
05.09.2017	21:27:27	23.80	53.80	17.00	56.00	33.74	101616.86	19.81	1000	33	113	1008	906	22	22	0	0	0	1	0	0	256	253	0.02
05.09.2017	21:27:37	23.80	53.70	17.00	56.00	33.78	101618.61	19.88	1000	35	113	1007	909	22	22	0	0	0	1	0	0	256	253	0.01
05.09.2017	21:27:47	23.80	53.70	17.00	56.00	33.84	101613.81	19.88	1000	35	114	1007	906	22	22	0	0	0	1	0	0	256	253	0.02
05.09.2017	21:27:57	23.80	53.70	17.00	56.00	33.72	101619.02	19.81	1000	34	114	1008	906	21	23	0	0	0	1	0	0	256	253	0.02
05.09.2017	21:28:07	23.80	53.40	17.00	56.00	33.75	101617.26	19.81	1000	35	114	1008	906	21	23	0	0	0	1	0	0	256	253	0.02
05.09.2017	21:37:52	23.80	53.20	17.00	55.00	32.76	101614.85	19.63	999	37	116	1008	903	25	24	0	0	0	1	0	0	256	252	0.02
05.09.2017	21:38:02	23.80	53.00	17.00	55.00	32.66	101614.13	19.56	999	36	114	1008	904	23	24	0	0	0	1	0	0	256	255	0.02
05.09.2017	21:38:12	23.80	53.00	17.00	55.00	32.75	101617.39	19.56	1000	35	113	1007	903	24	24	0	0	0	1	0	0	256	253	0.01
05.09.2017	21:38:22	23.80	53.10	17.00	55.00	32.81	101614.55	19.56	1000	36	113	1008	904	22	24	0	0	0	1	0	0	256	253	0.01
05.09.2017	21:38:32	23.80	53.10	17.00	55.00	32.74	101614.14	19.56	1000	36	115	1008	905	22	23	0	0	0	1	0	0	256	253	0.01
05.09.2017	21:38:42	23.80	53.10	17.00	55.00	32.83	101614.92	19.56	1000	36	114	1008	904	22	24	0	0	0	1	0	0	256	253	0.02
05.09.2017	21:40:19	23.80	53.10	17.00	55.00	33.48	101616.04	19.63	998	38	116	1007	903	23	25	0	0	0	1	0	0	256	252	0.02
05.09.2017	21:40:29	23.80	53.10	17.00	55.00	33.46	101617.52	19.63	1000	35	115	1008	904	22	24	0	0	0	1	0	0	256	253	0.01
05.09.2017	21:40:39	23.80	53.10	17.00	55.00	33.33	101619.00	19.56	1000	37	115	1008	904	23	24	0	0	0	1	0	0	256	254	0.01
05.09.2017	21:40:49	23.80	53.00	17.00	55.00	33.12	101617.52	19.56	999	36	114	1008	904	23	24	0	0	0	1	0	0	256	253	0.01
05.09.2017	21:40:59	23.80	53.00	17.00	55.00	33.10	101615.94	19.56	1000	39	115	1008	904	23	23	0	0	0	1	0	0	256	253	0.02
05.09.2017	21:41:09	23.80	53.00	17.00	55.00	33.12	101617.17	19.56	1000	37	114	1007	904	22	24	0	0	0	1	0	0	256	252	0.01
05.09.2017	21:41:19	23.80	53.00	17.00	55.00	33.23	101613.80	19.56	1000	37	115	1008	904	23	24	0	0	0	1	0	0	256	254	0.02
05.09.2017	21:41:30	23.80	53.10	17.00	55.00	33.30	101614.81	19.56	999	37	114	1007	904	22	24	0	0	0	1	0	0	256	253	0.01
05.09.2017	21:41:40	23.80	53.10	17.00	55.00	33.12	101614.98	19.56	999	36	115	1007	905	23	24	0	0	0	1	0	0	256	252	0.02
05.09.2017	21:41:47	23.80	53.00	17.00	55.00	33.29	101616.77	19.56	998	37	114	1006	902	23	24	0	0	0	1	0	0	256	254	0.02
05.09.2017	21:42:10	23.80	53.00	17.00	55.00	32.54	101622.06	19.50	999	38	115	1007	902	24	29	0	0	0	1	0	0	256	254	0.02
05.09.2017	21:42:20	23.80	53.00	17.00	55.00	32.64	101619.79	19.50	1000	36	115	1008	904	23	23	0	0	0	1	0	0	256	254	0.02
5.9.2017	21:54:4	23.80	53.00	17.00	55.00	33.72	101622.52	19.75	999	40	118	1006	902	25	26	0	0	0	1	0	0	256	253	0.02
5.9.2017	21:54:16	23.80	52.50	17.00	55.00	33.62	101618.84	19.75	999	38	116	1006	902	24	24	0	0	0	1	0	0	256	254	0.02
5.9.2017	21:54:26	23.80	52.50	17.00	54.00	33.53	101620.56	19.81	1000	36	115	1008	904	22	24	0	0	0	1	0	0	256	253	0.02
5.9.2017	21:54:36	23.80	52.40	17.00	54.00	33.49	101621.50	19.81	1000	36	115	1008	904	23	24	1	0	0	1	40943	0	256	253	0.02
5.9.2017	21:54:46	23.80	52.40	17.00	54.00	33.44	101620.61	19.81	1000	37	116	1008	902	23	24	1	0	0	1	40943	0	256	253	0.02
5.9.2017	21:54:56	23.80	52.40	17.00	54.00	33.34	101620.28	19.81	999	37	113	1008	903	23	23	1	0	0	1	40943	0	256	253	0.02
5.9.2017	21:55:6	23.80	52.40	17.00	54.00	33.29	101620.43	19.81	1000	36	114	1008	903	22	23	1	0	0	1	40943	0	256	253	0.02
5.9.2017	21:55:17	23.80	52.50	17.00	54.00	33.25	101619.18	19.81	1000	37	114	1008	903	22	23	1	0	0	1	40943	0	256	253	0.02
5.9.2017	21:55:27	23.80	52.40	17.00	54.00	33.28	101621.17	19.88	999	35	113	1008	904	21	24	1	0	0	1	40943	0	256	254	0.02
5.9.2017	21:55:37	23.80	52.20	17.00	54.00	33.32	101617.73	19.88	1000	36	113	1008	903	22	24	1	0	0	1	40943	0	256	254	0.01
5.9.2017	21:55:47	23.80	52.20	17.00	54.00	33.31	101621.67	19.88	1000	36	112	1008	903	22	24	1	0	0	1	40943	0	256	253	0.02
5.9.2017	21:55:57	23.80	52.40	17.00	54.00	33.35	101618.89	19.88	1000	36	112	1008	903	21	23	1	0	0	1	40943	0	256	252	0.01
5.9.2017	21:56:7	23.80	52.30	17.00	54.00	33.46	101617.13	19.88	1000	37	112	1008	902	21	23	1	0	0	1	40943	0	256	253	0.02
5.9.2017	21:56:17	23.80	52.30	17.00	55.00	33.43	101620.38	19.88	1000	36	107	1008	903	21	22	1	0	0	1	40943	0	256	252	0.02
5.9.2017	21:56:27	23.80	52.20	17.00	55.00	33.36	101622.03	19.88	1000	38	112	1008	903	21	22	0	0	0	1	0	0	256	253	0.01
5.9.2017	21:56:37	23.80	52.20	17.00	55.00	33.45	101617.56	19.88	1000	35	112	1008	903	22	22	0	0	0	1	0	0	256	252	0.01
5.9.2017	21:56:47	23.80	52.20	17.00	54.00	33.61	101620.06	19.94	1000	36	113	1008	903	21	22	0	0	0	1	0	0	256	254	0.01
5.9.2017	21:56:57	23.80	52.20	17.00	54.00	33.61	101624.09	19.94	1000	35	113	1008	903	22	23	0	0	0	1	0	0	256	253	0.01
5.9.2017	21:57:8	23.80	52.30	17.00	55.00	33.63	101623.12	19.94	1000	35	113	1008	904	21	23	0	0	0	1	0	0	256	254	0.01
5.9.2017	21:57:18	23.80	52.20	17.00	55.00	33.66	101622.77	19.94	1000	35	113	1008	903	21	23	0	0	0	1	0	0	256	252	0.02
5.9.2017	21:57:38	23.80	52.20	17.00	54.00	33.18	101621.63	19.88	1000	35	113	1007	903	21	23	0	0	0	1	0	0	256	253	0.01
5.9.2017	21:57:48	23.80	52.10	17.00	54.00	33.13	101622.78	19.88	1000	34	114	1008	902	22	24	0	0	0	1	0	0	256	253	0.01
5.9.2017	21:57:58	23.80	52.00	17.00	53.00	33.03	101620.91	19.81	1000	34	114	1008	903	21	22	0	0	0	1	0	0	256	253	0.01
5.9.2017	21:58:8	23.80	52.00	17.00	52.00	32.65	101624.10	19.81	1000	32	113	1008	903	20	22	0	0	0	1	0	0	256	253	0.01
5.9.2017	21:58:18	23.80	52.10	17.00	52.00	32.77	101622.63	19.75	999	33	114	1008	904	21	22	0	0	0	1	0	0	256	254	0.01
5.9.2017	21:58:38	23.80	52.40	17.00	52.00	32.60	101626.05	19.75	1000	34	112	1008	903	20	21	0	0	0	1	0	0	256	253	0.01
5.9.2017	21:58:48	23.80	52.40	17.00	52.00	32.85	101626.37	19.75	1000	35	112	1007	903	21	22	0	0	0	1	0	0	256	254	0.01
5.9.2017	21:58:59	23.80	52.20	17.00	53.00	32.76	101627.59	19.75	1000	34	111	1008	902	20	22	0	0	0	1	0	0	256	253	0.02
5.9.2017	21:59:9	23.80	52.10	17.00	52.00	32.74	101625.88	19.69	999	35	112	1008	903	21	22	0	0	0	1	0	0	256	254	0.02
5.9.2017	21:59:19	23.80	52.00	17.00	52.00	32.98	101623.53	19.69	1000	35	112	1008	903	21	21	0	0	0	1	0	0	256	253	0.01
5.9.2017	21:59:29	23.80	52.00	17.00	52.00	33.08	101623.14	19.69	1000	35	112	1008	899	20	21	0	0	0	1	0	0	256	254	0.01
5.9.2017	21:59:39	23.80	52.00	17.00	52.00	32.78	101625.09	19.69	1000	36	112	1008	903	20	21	0	0	0	1	0	0	256	254	0.02
5.9.2017	21:59:49	23.80	52.00	17.00	52.00	32.36	101631.87	19.69	1000	35	112	1008	904	20	21	0	0	0	1	0	0	256	254	0.01
5.9.2017	21:59:59	23.80	51.90	17.00	52.00	32.00	101630.45	19.69	1000	34	113	1008	903	20	22	0	0	0	1	0	0	256	254	0.01
5.9.2017	22:0:9	23.80	51.80	17.00	52.00	31.99	101633.52	19.63	1000	34	114	1008	903	20	21	0	0	0	1	0	0	256	252	0.01
5.9.2017	22:0:19	23.80	51.80	17.00	52.00	32.02	101630.34	19.63	1000	34	113	1008	903	21	22	0	0	0	1	0	0	256	253	0.01
5.9.2017	22:0:50	23.80	51.80	17.00	52.00	32.25	101631.10	19.63	1000	37	113	1008	904	21	22	0	0	0	1	0	0	256	254	0.01
5.9.2017	22:1:0	23.80	51.90	17.00	52.00	32.40	101628.72	19.63	1000	34	113	1008	903	20	21	0	0	0	1	0	0	256	253	0.02
5.9.2017	22:1:10	23.80	51.80	17.00	52.00	32.58	101627.53	19.63	1000	34	113	1008	903	21	21	0	0	0	1	0	0	256	254	0.01
5.9.2017	22:1:31	23.80	51.80	17.00	52.00	32.24	101630.53	19.56	1000	34	113	1008	903	22	21	0	0	0	1	0	0	256	253	0.02
5.9.2017	22:1:41	23.80	51.80	17.00	52.00	32.41	101623.50	19.56	1000	34	112	1008	903	21	21	0	0	0	1	0	0	256	254	0.02
5.9.2017	22:1:51	23.80	51.80	17.00	53.00	32.57	101621.55	19.56	1000	33	112	1008	902	20	21	0	0	0	1	0	0	256	253	0.02
5.9.2017	22:2:22	23.80	51.80	17.00	53.00	32.74	101622.33	19.63	1000	34	113	1008	902	23	21	0	0	0	1	0	0	256	253	0.02
5.9.2017	22:2:32	23.80	51.70	17.00	52.00	32.71	101620.66	19.63	1000	35	112	1007	902	20	21	0	0	0	1	0	0	256	253	0.01
5.9.2017	22:8:29	23.80	55.10	17.00	49.00	32.94	101619.89	19.63	998	18	98	1006	901	4	5	0	0	0	1	0	0	256	254	0.02
5.9.2017	22:8:49	23.80	53.10	17.00	55.00	32.96	101623.02	19.63	999	17	98	1006	901	4	5	0	0	0	1	0	0	256	254	0.02
5.9.2017	22:23:30	24.40	50.60	17.00	50.00	32.89	101624.44	20.38	1001	29	107	1007	987	12	12	0	0	0	1	0	0	256	253	0.02
5.9.2017	22:23:40	24.40	50.50	17.00	49.00	32.79	101622.20	20.31	1002	26	108	1008	988	13	12	0	0	0	1	0	0	256	253	0.02
5.9.2017	22:23:51	24.40	50.50	17.00	50.00	32.42	101626.25	20.31	1002	26	109	1008	988	11	12	0	0	0	1	0	0	256	253	0.02
5.9.2017	22:24:1	24.50	50.50	17.00	49.00	32.28	101628.27	20.31	1002	27	107	1008	987	11	12	0	0	0	1	0	0	256	255	0.01
5.9.2017	22:24:11	24.50	50.40	17.00	50.00	31.83	101629.56	20.31	1003	27	107	1008	988	11	12	0	0	0	1	0	0	256	254	0.02
5.9.2017	22:31:33	24.50	50.30	18.00	50.00	31.52	101632.94	20.19	1002	29	108	1007	986	12	13	0	0	0	1	0	0	256	253	0.01
5.9.2017	22:31:43	24.50	49.70	18.00	50.00	31.63	101633.18	20.19	1002	28	107	1008	988	11	12	0	0	0	1	0	0	256	253	0.01
5.9.2017	22:31:53	24.50	49.70	18.00	51.00	31.77	101632.09	20.19	1002	28	106	1008	988	11	13	0	0	0	1	0	0	256	254	0.02
5.9.2017	22:32:4	24.50	49.70	18.00	51.00	31.52	101638.34	20.19	1002	29	107	1008	988	11	12	0	0	0	1	0	0	256	254	0.02
5.9.2017	22:32:14	24.50	49.70	18.00	51.00	31.50	101631.43	20.25	1002	27	106	1008	988	11	12	0	0	0	1	0	0	256	254	0.01
5.9.2017	22:32:24	24.50	49.70	18.00	50.00	31.48	101637.87	20.25	1002	27	107	1008	988	11	12	0	0	0	1	0	0	256	252	0.02
5.9.2017	22:32:34	24.50	49.80	18.00	50.00	31.62	101637.45	20.25	1002	26	106	1008	986	11	12	0	0	0	1	0	0	256	253	0.02
5.9.2017	22:32:44	24.50	49.70	18.00	50.00	31.71	101631.77	20.19	1003	25	107	1008	987	11	12	0	0	0	1	0	0	256	253	0.02
5.9.2017	22:32:54	24.40	49.70	18.00	50.00	31.73	101631.15	20.19	1002	27	107	1008	988	11	12	0	0	0	1	0	0	256	253	0.02
5.9.2017	22:33:4	24.40	49.70	18.00	50.00	31.58	101632.98	20.19	1002	27	107	1008	988	11	12	0	0	0	1	0	0	256	253	0.02
5.9.2017	22:33:14	24.40	49.70	18.00	50.00	31.59	101633.08	20.19	1002	25	108	1008	988	11	12	0	0	0	1	0	0	256	253	0.02
5.9.2017	22:33:24	24.40	49.80	18.00	50.00	31.57	101634.70	20.19	1002	26	107	1008	988	11	12	0	0	0	1	0	0	256	254	0.01
5.9.2017	22:33:34	24.40	49.70	18.00	50.00	31.78	101632.83	20.19	1002	28	106	1008	988	11	12	0	0	0	1	0	0	256	253	0.02
5.9.2017	22:33:44	24.40	49.70	18.00	50.00	32.22	101628.64	20.19	1002	28	111	1008	987	11	12	0	0	0	1	0	0	256	254	0.01
5.9.2017	22:33:55	24.40	49.70	18.00	50.00	32.54	101630.11	20.19	1002	28	107	1008	987	11	12	0	0	0	1	0	0	256	253	0.02
5.9.2017	22:34:5	24.30	49.60	18.00	51.00	32.78	101626.94	20.19	1002	28	106	1008	987	12	12	0	0	0	1	0	0	256	253	0.02
5.9.2017	22:34:15	24.30	49.70	18.00	50.00	32.61	101629.52	20.13	1002	28	107	1008	988	11	12	1	0	0	1	40943	0	256	253	0.02
5.9.2017	22:34:35	24.30	49.70	18.00	50.00	31.66	101634.03	20.19	1002	27	105	1008	988	11	12	0	0	0	1	0	0	256	255	0.02
5.9.2017	22:34:45	24.30	49.70	18.00	49.00	31.72	101631.17	20.13	1003	26	107	1008	988	11	12	0	0	0	1	0	0	256	253	0.01
5.9.2017	22:34:55	24.30	49.70	18.00	50.00	31.73	101632.66	20.13	1002	25	107	1008	988	11	12	0	0	0	1	0	0	256	254	0.02
5.9.2017	22:35:5	24.30	49.70	18.00	50.00	31.20	101637.41	20.13	1002	24	107	1008	988	11	12	0	0	0	1	0	0	256	253	0.02
5.9.2017	22:35:15	24.30	49.80	18.00	50.00	31.02	101635.72	20.19	1002	27	107	1008	988	11	12	0	0	0	1	0	0	256	253	0.01
5.9.2017	22:35:25	24.20	49.70	18.00	49.00	31.17	101636.87	20.19	1002	28	107	1008	987	11	12	0	0	0	1	0	0	256	253	0.02
5.9.2017	22:35:46	24.20	49.70	18.00	50.00	31.23	101634.69	20.19	1003	26	107	1008	991	11	12	0	0	0	1	0	0	256	255	0.02
5.9.2017	22:35:56	24.20	49.80	18.00	50.00	31.56	101633.12	20.19	1003	26	107	1008	987	11	12	0	0	0	1	0	0	256	254	0.02
5.9.2017	22:36:16	24.20	49.80	18.00	50.00	31.68	101633.58	20.19	1002	25	108	1008	986	11	12	0	0	0	1	0	0	256	254	0.02
5.9.2017	23:8:0	23.70	50.40	17.00	50.00	33.37	101613.03	19.75	1003	23	110	795	980	16	15	0	0	0	1	0	0	256	253	0.02
5.9.2017	23:8:8	23.70	50.30	17.00	50.00	33.76	101607.47	19.75	1003	23	112	851	981	16	15	0	0	0	1	0	0	256	253	0.02
5.9.2017	23:8:42	23.70	50.20	17.00	50.00	33.73	101606.65	19.94	1004	35	110	763	980	16	15	0	0	0	1	0	0	256	254	0.01
5.9.2017	23:17:38	23.70	50.20	17.00	48.00	34.46	101597.53	20.63	1003	27	112	1006	979	15	15	0	0	0	1	0	0	256	252	0.01
5.9.2017	23:19:31	23.60	48.50	18.00	47.00	22.93	68477.96	20.38	1003	29	109	1007	979	14	14	0	0	0	0	0	0	256	254	0.02
6.9.2017	8:58:35	23.60	54.10	21.00	43.00	36.97	101498.80	22.81	1000	15	115	701	71	125	20	27359	26288	26683	60743	9084	13080	303	706	0.25
6.9.2017	9:28:2	23.70	53.20	23.00	37.00	22.93	68477.96	24.75	1003	8	104	713	73	109	14	0	0	0	0	0	0	299	631	0.23
6.9.2017	9:28:11	23.70	53.90	23.00	38.00	28.97	101526.70	24.63	1002	8	110	716	77	108	16	26022	25554	26406	60028	10076	12558	298	629	0.22
6.9.2017	9:28:17	23.70	54.00	23.00	38.00	29.51	101527.83	24.56	1002	8	109	714	77	108	15	26895	26218	27000	61467	9843	12888	300	637	0.23
6.9.2017	17:41:38	23.70	54.10	23.00	38.00	36.32	101199.95	24.56	1001	8	119	818	83	70	12	12375	13655	14946	32606	15132	6595	285	475	0.15
6.9.2017	17:43:1	24.70	50.50	23.00	37.00	36.33	101197.83	24.44	1001	7	120	821	83	69	12	11817	13187	14478	31785	15533	6380	285	468	0.15
6.9.2017	17:46:57	24.60	52.60	23.00	39.00	36.60	101190.84	24.50	1000	8	118	603	91	68	11	11892	13163	14417	31452	15224	6363	286	468	0.16
6.9.2017	17:47:7	24.60	52.30	23.00	39.00	36.64	101189.48	24.50	1000	7	116	606	89	67	14	11737	13029	14284	31206	15344	6299	287	467	0.16
6.9.2017	17:47:17	24.60	51.80	23.00	39.00	36.65	101193.97	24.44	1000	9	118	607	90	68	15	11650	12951	14206	31052	15408	6261	284	465	0.15
6.9.2017	17:47:27	24.70	51.40	23.00	39.00	36.57	101193.14	24.44	1000	8	116	603	90	67	15	11635	12931	14182	30991	15392	6252	256	465	0.16
6.9.2017	17:47:37	24.60	51.40	23.00	39.00	36.47	101191.06	24.44	1000	8	119	607	91	68	14	11625	12915	14164	30939	15385	6243	284	467	0.15
6.9.2017	17:47:47	24.60	52.00	23.00	39.00	36.51	101190.89	24.44	1000	7	120	613	91	67	12	11594	12879	14126	30849	15394	6224	286	466	0.16
6.9.2017	17:47:57	24.60	51.70	23.00	39.00	36.62	101192.16	24.44	1000	8	118	604	91	68	15	11539	12825	14071	30737	15428	6197	256	465	0.15
6.9.2017	17:48:7	24.60	51.40	23.00	39.00	36.57	101188.69	24.44	1000	7	117	610	90	66	13	11480	12770	14013	30626	15452	6172	256	464	0.15
6.9.2017	17:48:17	24.60	50.90	23.00	39.00	36.39	101191.38	24.44	1000	8	119	610	95	67	13	11476	12760	14000	30595	15434	6167	256	464	0.16
6.9.2017	17:48:27	24.60	50.70	23.00	39.00	36.39	101189.91	24.44	1000	8	118	612	94	67	15	11515	12786	14022	30621	15376	6179	285	466	0.15
6.9.2017	17:48:38	24.60	50.70	23.00	39.00	36.41	101188.89	24.44	1000	7	119	621	90	66	12	11539	12798	14030	30623	15330	6185	286	466	0.16
6.9.2017	17:48:48	24.70	51.00	23.00	39.00	36.31	101189.06	24.44	999	13	124	606	95	71	17	11527	12781	14010	30580	15318	6176	256	465	0.16
6.9.2017	17:48:58	24.70	52.20	23.00	39.00	36.45	101189.22	24.38	1000	13	125	611	95	73	18	11492	12746	13973	30506	15330	6159	286	466	0.16
6.9.2017	17:49:8	24.70	53.10	23.00	39.00	36.51	101189.71	24.38	1000	13	121	617	95	73	20	11453	12706	13931	30426	15345	6140	285	466	0.15
6.9.2017	17:49:18	24.70	52.00	23.00	39.00	36.51	101190.28	24.38	1000	10	124	609	95	71	18	11452	12698	13920	30397	15325	6135	256	465	0.15
6.9.2017	17:49:36	24.70	51.20	23.00	39.00	36.37	101188.02	24.38	999	15	123	616	95	73	18	11501	12720	13935	30397	15238	6143	284	466	0.15
6.9.2017	17:53:16	24.70	53.00	23.00	39.00	36.35	101183.30	24.25	999	14	121	617	98	69	24	10411	11653	12824	28147	15793	5626	256	448	0.14
6.9.2017	18:0:52	24.70	51.50	23.00	39.00	36.13	101184.66	24.06	999	11	124	639	99	62	15	8015	9138	10160	22264	17056	4384	256	396	0.11
6.9.2017	18:3:26	24.70	52.40	22.00	41.00	35.80	101186.80	23.94	999	12	122	642	97	61	16	8277	9285	10240	22397	16030	4473	256	398	0.11
6.9.2017	18:3:28	24.80	52.10	22.00	42.00	35.87	101185.90	23.94	999	14	121	645	96	60	19	8280	9288	10242	22404	16017	4475	256	398	0.12
6.9.2017	18:3:31	24.70	52.20	22.00	42.00	35.89	101186.77	23.94	999	12	123	644	96	60	17	8285	9292	10245	22411	16001	4477	256	399	0.10
6.9.2017	18:3:35	24.70	52.90	22.00	42.00	35.82	101184.51	23.94	999	13	122	643	96	61	20	8299	9303	10255	22432	15975	4483	256	398	0.11
6.9.2017	18:3:38	24.70	53.10	22.00	42.00	35.81	101187.11	23.94	999	13	121	646	96	57	18	8308	9310	10261	22446	15955	4487	256	400	0.12
6.9.2017	18:3:40	24.70	53.10	22.00	42.00	35.80	101186.36	23.94	999	15	120	639	96	60	19	8318	9318	10267	22461	15924	4492	256	399	0.11
6.9.2017	18:3:43	24.70	53.10	22.00	42.00	35.87	101188.59	23.94	999	11	121	648	96	59	14	8327	9325	10274	22475	15914	4495	256	399	0.12
6.9.2017	18:3:45	24.70	53.00	22.00	42.00	35.91	101186.11	23.94	1000	12	123	643	96	61	16	8333	9330	10278	22487	15897	4498	256	400	0.11
6.9.2017	18:3:47	24.70	52.90	22.00	42.00	35.93	101184.92	23.94	999	11	122	644	96	59	15	8337	9334	10280	22495	15873	4501	256	399	0.12
6.9.2017	18:3:50	24.70	52.70	22.00	42.00	35.96	101185.56	23.94	999	12	123	641	96	60	15	8342	9339	10284	22507	15858	4505	256	399	0.11
6.9.2017	18:3:52	24.70	52.60	22.00	42.00	35.97	101182.60	23.94	999	14	120	647	96	60	19	8350	9346	10290	22522	15839	4509	256	400	0.11
6.9.2017	18:3:54	24.70	52.70	22.00	42.00	36.00	101186.07	23.94	999	12	120	650	96	59	14	8360	9355	10297	22539	15809	4515	256	400	0.11
6.9.2017	18:3:57	24.70	52.70	22.00	42.00	36.02	101184.36	24.00	999	11	123	645	96	60	14	8373	9365	10307	22560	15794	4519	256	399	0.11
6.9.2017	18:3:59	24.70	52.50	22.00	42.00	36.05	101182.27	24.00	999	14	122	640	96	58	15	8388	9378	10318	22585	15759	4526	256	401	0.12
6.9.2017	18:4:2	24.70	52.20	22.00	42.00	36.09	101184.25	24.00	1000	12	123	656	96	59	14	8405	9392	10332	22612	15740	4533	256	401	0.11
6.9.2017	18:4:4	24.70	52.10	22.00	42.00	36.13	101180.31	24.00	999	14	122	642	96	59	16	8424	9408	10346	22642	15700	4542	256	400	0.11
6.9.2017	18:4:6	24.70	52.00	22.00	42.00	36.16	101184.59	24.00	999	13	123	649	96	58	18	8444	9425	10362	22674	15669	4550	256	400	0.11
6.9.2017	18:4:9	24.70	52.30	22.00	42.00	36.18	101182.37	23.94	999	13	122	640	96	61	19	8465	9443	10379	22708	15637	4559	256	402	0.12
6.9.2017	18:4:11	24.70	52.50	22.00	42.00	36.15	101181.16	23.94	999	11	121	643	96	59	15	8488	9462	10396	22744	15594	4569	256	401	0.11
6.9.2017	18:4:23	24.70	52.20	22.00	42.00	35.77	101184.03	23.94	999	12	123	642	97	60	18	8617	9570	10497	22944	15395	4624	256	405	0.12
6.9.2017	18:4:26	24.70	52.20	22.00	42.00	35.79	101185.75	23.94	999	12	122	649	96	59	14	8634	9585	10511	22973	15369	4632	278	404	0.11
6.9.2017	18:7:47	24.70	52.20	22.00	41.00	36.51	101176.56	24.06	997	12	122	639	97	62	16	8878	9785	10657	23408	14672	4762	256	410	0.12
6.9.2017	18:7:49	24.70	52.70	22.00	41.00	36.51	101172.75	24.06	998	11	122	645	96	60	15	8886	9790	10661	23412	14656	4764	256	409	0.11
6.9.2017	18:10:15	24.70	52.90	22.00	41.00	36.66	101170.73	24.06	997	10	123	651	97	60	17	8257	9171	10028	22033	15104	4454	256	401	0.11
6.9.2017	18:10:17	24.70	54.60	22.00	42.00	36.67	101169.85	24.06	998	11	121	646	96	58	15	8240	9156	10012	22000	15111	4448	256	401	0.11
6.9.2017	18:11:20	24.70	54.60	22.00	42.00	36.57	101174.36	24.13	998	12	121	650	95	57	15	7804	8740	9592	21076	15531	4240	256	395	0.11
6.9.2017	18:12:23	24.70	53.90	22.00	42.00	36.52	101172.28	24.13	998	13	121	659	96	56	17	7600	8525	9364	20577	15628	4134	256	392	0.10
6.9.2017	18:13:26	24.70	53.40	22.00	42.00	36.44	101172.30	24.13	998	15	122	655	95	56	17	7529	8426	9245	20314	15499	4088	256	392	0.11
6.9.2017	18:14:29	24.70	53.60	22.00	42.00	36.49	101171.55	24.13	998	12	123	663	96	54	14	7199	8084	8896	19537	15820	3911	256	388	0.10
6.9.2017	18:15:31	24.70	53.40	22.00	43.00	36.42	101171.63	24.06	997	13	122	662	98	55	18	7166	7988	8784	19216	15677	3852	256	388	0.11
6.9.2017	18:15:34	24.60	54.40	22.00	43.00	36.42	101171.83	24.00	998	12	121	661	97	55	17	7161	7982	8777	19202	15672	3849	256	387	0.10
6.9.2017	18:18:53	24.60	54.30	22.00	42.00	35.96	101174.61	23.81	998	15	120	663	96	53	18	6934	7620	8370	18297	15427	3649	256	387	0.09
6.9.2017	18:18:55	24.60	54.50	22.00	43.00	35.98	101179.30	23.81	998	9	121	663	96	53	16	6934	7619	8369	18294	15427	3649	256	389	0.10
6.9.2017	18:19:58	24.60	54.50	22.00	43.00	35.98	101174.58	23.81	998	13	121	660	95	54	18	6923	7558	8286	18124	15178	3617	256	391	0.10
6.9.2017	18:21:1	24.70	54.60	22.00	43.00	36.11	101175.73	23.81	998	14	121	662	96	52	15	6830	7429	8136	17812	15041	3553	256	391	0.10
6.9.2017	18:22:3	24.60	53.60	22.00	44.00	36.16	101178.49	23.75	998	11	123	665	96	52	15	6707	7273	7958	17431	14927	3477	256	392	0.10
6.9.2017	18:23:6	24.60	54.50	22.00	44.00	36.02	101177.98	23.69	998	12	123	661	97	53	17	6539	7081	7743	16968	14855	3386	256	387	0.09
6.9.2017	18:24:9	24.60	53.50	22.00	44.00	35.97	101176.84	23.63	998	11	122	668	97	51	14	6298	6826	7466	16361	14886	3264	256	383	0.10
6.9.2017	18:25:12	24.60	54.50	22.00	43.00	35.78	101172.82	23.56	998	14	121	663	97	50	18	6022	6537	7157	15676	14994	3124	256	374	0.09
6.9.2017	18:26:15	24.60	55.20	22.00	44.00	35.86	101173.84	23.50	998	14	120	667	98	50	19	5757	6257	6858	15005	15109	2987	256	367	0.09
6.9.2017	18:27:17	24.50	53.80	22.00	44.00	35.91	101169.43	23.50	998	13	120	670	99	46	14	5516	6001	6584	14385	15214	2862	256	359	0.08
6.9.2017	18:28:20	24.50	54.40	22.00	44.00	36.03	101167.95	23.50	999	11	121	676	101	47	15	5303	5772	6339	13829	15313	2749	256	354	0.08
6.9.2017	18:29:23	24.50	54.40	22.00	44.00	36.12	101163.84	23.50	998	9	121	681	100	44	15	5143	5594	6143	13381	15298	2663	256	350	0.08
6.9.2017	18:30:26	24.50	54.00	22.00	44.00	35.95	101159.86	23.50	998	10	122	688	101	42	15	5011	5446	5980	13019	15282	2592	256	346	0.08
6.9.2017	18:31:28	24.50	54.50	22.00	44.00	35.91	101159.49	23.50	998	11	120	683	101	44	15	4920	5338	5857	12749	15193	2541	256	345	0.06
6.9.2017	18:32:31	24.50	53.40	22.00	43.00	35.75	101159.98	23.56	998	12	120	690	100	45	17	4918	5311	5816	12647	14961	2529	256	346	0.07
6.9.2017	18:33:34	24.60	53.70	22.00	43.00	34.93	101165.30	23.56	998	13	118	685	99	43	15	4950	5319	5811	12628	14693	2535	256	346	0.07
6.9.2017	18:34:37	24.50	53.50	22.00	43.00	35.28	101162.01	23.50	998	10	121	689	99	44	15	5003	5348	5830	12660	14446	2549	256	350	0.08
6.9.2017	18:35:40	24.50	53.60	21.00	43.00	34.85	101162.74	23.56	998	10	122	691	98	44	15	5072	5392	5864	12726	14183	2571	256	352	0.08
6.9.2017	18:36:42	24.50	53.00	21.00	43.00	35.16	101159.95	23.56	998	14	120	687	96	43	16	5144	5441	5900	12799	13885	2599	256	356	0.07
6.9.2017	18:37:45	24.60	52.80	21.00	43.00	35.79	101156.63	23.56	999	11	123	691	96	43	13	5230	5502	5951	12900	13622	2630	256	358	0.09
6.9.2017	18:38:48	24.60	53.10	21.00	43.00	35.98	101153.91	23.56	998	10	122	689	95	43	13	5313	5560	5999	12998	13374	2660	256	363	0.08
6.9.2017	18:39:51	24.60	53.50	21.00	43.00	35.78	101155.14	23.63	998	11	123	682	94	43	15	5386	5608	6036	13075	13134	2685	256	365	0.07
6.9.2017	18:40:54	24.60	52.80	21.00	43.00	35.56	101159.02	23.56	999	9	122	681	95	43	15	5452	5645	6065	13135	12942	2700	256	367	0.07
6.9.2017	18:41:56	24.60	52.50	21.00	42.00	35.72	101156.34	23.56	998	14	119	686	95	43	17	5496	5662	6074	13154	12778	2706	256	370	0.09
6.9.2017	18:42:59	24.60	52.40	21.00	42.00	35.65	101150.17	23.56	998	11	121	684	95	45	14	5490	5638	6040	13085	12647	2695	256	371	0.08
6.9.2017	18:44:2	24.60	52.30	21.00	42.00	35.63	101154.58	23.56	998	13	124	682	95	46	16	5443	5579	5968	12937	12523	2670	256	372	0.08
6.9.2017	18:45:5	24.60	52.20	21.00	42.00	35.62	101157.01	23.56	998	13	123	682	95	45	17	5347	5476	5854	12684	12469	2622	256	370	0.08
6.9.2017	18:46:8	24.60	52.10	22.00	42.00	35.83	101154.74	23.50	998	13	123	680	96	45	18	5195	5320	5690	12314	12502	2545	256	365	0.07
6.9.2017	18:47:10	24.60	52.10	22.00	42.00	35.53	101147.09	23.50	998	13	123	686	96	44	17	5041	5162	5524	11932	12539	2467	256	361	0.08
6.9.2017	18:48:13	24.60	52.40	22.00	42.00	35.22	101155.80	23.50	998	12	124	684	96	44	16	4906	5019	5373	11582	12556	2396	256	357	0.06
6.9.2017	18:49:16	24.60	52.20	21.00	42.00	35.56	101153.97	23.50	998	13	124	690	97	43	16	4779	4883	5228	11249	12551	2329	256	353	0.08
6.9.2017	18:50:19	24.60	52.10	21.00	43.00	35.60	101151.28	23.50	998	14	123	693	96	40	16	4667	4759	5097	10949	12554	2265	256	349	0.07
6.9.2017	18:51:22	24.60	52.50	21.00	43.00	35.75	101146.85	23.50	998	12	124	692	97	42	16	4568	4647	4975	10672	12500	2210	256	348	0.07
6.9.2017	18:52:24	24.60	52.90	21.00	43.00	35.78	101149.45	23.44	998	13	124	695	96	41	18	4476	4541	4861	10416	12463	2156	256	347	0.06
6.9.2017	18:53:27	24.50	52.50	21.00	43.00	35.54	101153.13	23.44	998	11	125	699	96	38	14	4380	4433	4745	10158	12432	2101	256	346	0.07
6.9.2017	18:54:30	24.60	52.30	21.00	43.00	35.09	101156.97	23.38	998	14	121	700	96	41	16	4280	4321	4624	9893	12388	2046	256	343	0.06
6.9.2017	18:55:33	24.50	52.20	21.00	43.00	35.19	101155.39	23.38	998	10	123	696	97	38	14	4176	4205	4497	9618	12316	1989	256	342	0.06
6.9.2017	18:56:36	24.60	52.30	21.00	42.00	34.82	101156.71	23.25	998	14	122	704	96	38	16	4073	4090	4373	9342	12270	1932	256	341	0.05
6.9.2017	18:57:38	24.50	52.50	21.00	42.00	34.28	101160.14	23.19	998	11	123	704	97	38	15	3969	3977	4250	9069	12211	1877	256	340	0.05
6.9.2017	18:58:41	24.50	52.00	21.00	43.00	35.05	101157.11	23.19	998	9	122	707	97	35	15	3852	3852	4119	8776	12233	1814	256	336	0.06
6.9.2017	18:59:44	24.50	52.00	21.00	43.00	34.55	101158.28	23.06	998	10	124	703	98	36	16	3714	3711	3971	8447	12272	1745	256	334	0.05
6.9.2017	19:0:47	24.50	52.30	21.00	43.00	33.71	101164.33	23.00	999	13	121	708	97	33	15	3558	3555	3808	8092	12344	1668	256	331	0.06
6.9.2017	19:1:50	24.50	52.20	21.00	42.00	34.08	101160.48	22.94	998	12	122	709	98	32	15	3391	3390	3637	7713	12462	1587	256	326	0.05
6.9.2017	19:2:52	24.50	52.30	21.00	42.00	34.15	101165.55	22.94	998	11	124	710	100	35	15	3218	3220	3460	7323	12584	1505	256	323	0.05
6.9.2017	19:3:55	24.50	52.50	21.00	43.00	34.42	101156.11	22.94	998	11	124	713	101	31	16	3036	3042	3276	6915	12763	1417	256	318	0.05
6.9.2017	19:4:58	24.50	52.40	21.00	43.00	34.45	101154.34	22.94	998	12	124	715	103	32	15	2850	2859	3087	6499	12975	1327	256	315	0.05
6.9.2017	19:6:1	24.50	52.40	21.00	43.00	34.66	101154.81	22.94	999	10	124	717	103	31	16	2674	2687	2908	6105	13174	1244	256	311	0.05
6.9.2017	19:7:3	24.50	52.40	21.00	43.00	34.80	101153.51	22.94	998	12	123	718	104	31	17	2520	2532	2748	5753	13400	1167	256	307	0.04
6.9.2017	19:8:6	24.50	52.70	21.00	43.00	34.46	101155.97	22.88	998	12	122	726	104	25	15	2381	2392	2601	5432	13556	1098	256	305	0.05
6.9.2017	19:9:9	24.40	52.40	21.00	43.00	34.25	101158.58	22.88	998	14	123	727	109	29	16	2244	2255	2457	5118	13731	1032	256	300	0.04
6.9.2017	19:10:12	24.40	52.30	21.00	43.00	34.41	101157.17	22.81	999	11	123	728	111	27	14	2108	2118	2313	4807	13927	965	256	299	0.04
6.9.2017	19:11:15	24.40	52.50	21.00	43.00	34.51	101157.44	22.81	998	11	123	731	113	25	15	1977	1986	2175	4505	14179	900	256	296	0.04
6.9.2017	19:12:17	24.40	52.90	21.00	43.00	34.75	101159.16	22.81	999	13	120	747	116	24	14	1849	1859	2041	4213	14419	840	256	293	0.03
6.9.2017	19:13:20	24.40	52.80	21.00	43.00	34.98	101162.23	22.75	998	12	123	737	126	26	15	1732	1741	1916	3942	14644	783	256	290	0.03
6.9.2017	19:14:23	24.40	53.10	21.00	44.00	34.72	101158.03	22.69	999	12	124	750	161	26	15	1645	1646	1813	3720	14673	736	256	288	0.03
6.9.2017	19:15:26	24.30	52.40	21.00	44.00	34.80	101162.48	22.63	999	12	120	745	195	25	15	1569	1561	1721	3514	14697	694	256	288	0.04
6.9.2017	19:16:29	24.30	52.90	21.00	44.00	34.37	101162.49	22.63	999	10	121	746	244	22	15	1454	1448	1603	3265	15126	640	256	284	0.04
6.9.2017	19:17:32	24.30	52.40	21.00	44.00	34.57	101160.17	22.56	999	11	123	746	322	22	14	1312	1318	1468	2990	15891	579	256	281	0.03
6.9.2017	19:18:34	24.30	53.00	21.00	45.00	34.29	101156.59	22.44	999	15	120	747	384	22	15	1182	1198	1342	2730	16668	524	256	280	0.03
6.9.2017	19:19:37	24.40	53.20	21.00	45.00	34.60	101158.27	22.44	999	12	122	753	434	22	15	1076	1097	1235	2503	17367	478	256	277	0.03
6.9.2017	19:20:40	24.40	53.60	21.00	45.00	34.67	101152.87	22.38	999	13	123	755	485	21	15	972	996	1128	2279	18239	430	256	275	0.03
6.9.2017	19:21:43	24.30	53.80	21.00	45.00	34.31	101158.25	22.38	999	13	121	759	554	19	15	867	896	1021	2058	19249	385	256	273	0.02
6.9.2017	19:23:48	24.30	52.80	21.00	45.00	34.79	101154.81	22.38	1000	11	123	766	632	19	15	706	736	846	1697	20784	313	256	269	0.03
6.9.2017	19:24:51	24.30	53.00	21.00	45.00	34.95	101154.89	22.38	1000	11	124	762	658	19	15	644	671	775	1546	21652	282	256	267	0.02
6.9.2017	19:25:54	24.30	53.60	21.00	45.00	34.89	101158.36	22.31	999	12	123	764	677	19	14	593	616	712	1412	21758	258	256	266	0.02
6.9.2017	19:26:57	24.40	52.70	21.00	45.00	34.35	101158.81	22.25	999	13	123	771	675	21	14	567	580	669	1312	21187	241	256	265	0.02
6.9.2017	19:28:0	24.30	53.10	21.00	45.00	34.76	101157.86	22.19	1000	14	122	767	670	18	14	544	547	631	1219	20998	224	256	266	0.02
6.9.2017	19:29:3	24.30	53.30	21.00	45.00	34.88	101157.75	22.19	999	15	124	770	688	18	14	503	503	581	1110	21175	205	256	264	0.02
6.9.2017	19:31:8	24.30	53.40	21.00	45.00	34.52	101157.55	22.06	1000	15	121	775	633	17	14	493	472	541	990	19219	188	256	266	0.02
6.9.2017	19:32:11	24.30	53.10	20.00	46.00	33.92	101162.30	22.00	1000	17	120	781	605	14	14	487	458	523	932	18357	181	256	265	0.02
6.9.2017	19:37:25	24.20	54.10	20.00	47.00	34.52	101158.36	21.81	1000	15	120	774	663	16	14	368	333	377	619	16504	130	256	262	0.01
6.9.2017	19:59:24	24.00	53.90	20.00	47.00	33.25	101185.26	21.44	1000	47	116	776	976	14	14	4	4	5	9	55934	1	256	252	0.02
6.9.2017	20:31:32	23.90	54.00	20.00	49.00	33.48	101198.08	21.25	1000	59	112	782	976	13	13	0	0	0	1	0	0	256	254	0.01
6.9.2017	21:25:35	24.50	57.70	19.00	55.00	31.93	101224.91	20.50	1003	45	107	768	999	6	7	0	0	0	1	0	0	256	253	0.02
6.9.2017	21:25:38	24.40	57.50	19.00	55.00	31.94	101225.33	20.50	1004	43	106	767	999	5	6	0	0	0	1	0	0	256	253	0.01
6.9.2017	21:26:40	24.50	57.30	19.00	55.00	32.23	101219.98	20.44	1005	44	108	1011	1000	6	7	0	0	0	1	0	0	256	254	0.01
6.9.2017	21:29:6	24.50	58.90	19.00	55.00	31.18	101224.86	20.44	1003	48	110	1009	988	8	9	0	0	0	1	0	0	256	252	0.02
6.9.2017	21:29:10	24.40	57.40	19.00	54.00	30.89	101220.95	20.44	1003	49	111	1009	989	8	9	0	0	0	1	0	0	256	253	0.02
6.9.2017	21:29:12	24.40	57.30	19.00	54.00	30.81	101223.56	20.44	1003	47	109	1010	989	8	9	0	0	0	1	0	0	256	254	0.01
6.9.2017	21:30:15	24.40	57.30	19.00	55.00	30.26	101226.55	20.44	1003	49	110	1010	990	8	9	0	0	0	1	0	0	256	253	0.02
6.9.2017	22:36:20	24.00	59.30	19.00	55.00	-200	-200	20.38	1008	71	127	791	935	30	30	 	129	785	962	26	28	1	0	0	1	40943	0	256	253	0
6.9.2017	22:37:14	24.10	60.60	19.00	55.00	-200	-200	20.44	1008	62	127	796	963	21	34	 27	791	935	30	30	 	129	785	962	26	28	1	0	0	1
6.9.2017	22:37:26	24.10	59.60	19.00	55.00	-200	-200	20.44	1008	69	124	791	959	30	31	 27	791	935	30	30	 	129	785	962	26	28	1	0	0	1	
6.9.2017	22:41:6	23.90	60.00	19.00	55.00	-200	-200	20.56	1007	60	118	788	953	19	20	-200	-200	-200	-200	-200	-200	-200	-200	-200	
6.9.2017	22:41:8	23.90	60.00	19.00	55.00	-200	-200	20.56	1008	58	117	787	946	23	19	-200	-200	-200	-200	-200	-200	-200	-200	-200	
6.9.2017	22:41:31	23.80	60.10	19.00	55.00	-200	-200	20.56	1007	94	46	824	898	22	17	-200	-200	-200	-200	-200	-200	-200	-200	-200	
6.9.2017	22:41:33	23.80	60.10	19.00	55.00	-200	-200	20.56	1008	58	117	792	946	23	19	-200	-200	-200	-200	-200	-200	-200	-200	-200	
6.9.2017	22:42:27	23.80	60.30	19.00	55.00	-200	-200	20.63	1007	66	112	799	995	22	18	-200	-200	-200	-200	-200	-200	-200	-200	-200	
6.9.2017	22:42:28	23.80	60.30	19.00	55.00	-200	-200	20.63	1007	63	121	789	976	17	20	-200	-200	-200	-200	-200	-200	-200	-200	-200	
6.9.2017	22:43:1	23.70	60.50	19.00	55.00	-200	-200	20.69	1008	68	123	789	983	20	20	-200	-200	-200	-200	-200	-200	-200	-200	-200	
6.9.2017	22:43:2	23.70	60.50	19.00	55.00	-200	-200	20.69	1008	61	114	788	979	19	19	-200	-200	-200	-200	-200	-200	-200	-200	-200	
6.9.2017	22:46:14	23.60	62.00	19.00	54.00	31.97	101195.55	20.69	999	28	108	784	969	26	22	-200	-200	-200	-200	-200	-200	-200	-200	-200	
6.9.2017	22:46:15	23.60	62.00	19.00	54.00	32.00	101196.03	20.69	1000	59	115	781	960	20	22	-200	-200	-200	-200	-200	-200	-200	-200	-200	
6.9.2017	22:49:51	23.20	62.30	19.00	54.00	31.89	101199.36	20.63	999	53	114	999	1003	19	20	-200	-200	-200	-200	-200	-200	-200	-200	-200	
6.9.2017	22:49:57	23.20	62.50	19.00	54.00	32.04	101201.06	20.56	997	50	97	997	962	14	22	-200	-200	-200	-200	-200	-200	-200	-200	-200	
6.9.2017	22:49:59	23.20	62.50	19.00	54.00	32.05	101201.72	20.56	998	54	115	997	962	19	19	-200	-200	-200	-200	-200	-200	-200	-200	-200	
6.9.2017	22:54:36	23.20	62.40	19.00	54.00	32.98	101203.03	20.63	998	60	115	997	962	20	22	-200	-200	-200	-200	-200	-200	-200	-200	-200	
6.9.2017	22:54:37	23.20	62.40	19.00	54.00	32.98	101200.91	20.63	998	58	108	999	980	20	20	-200	-200	-200	-200	-200	-200	-200	-200	-200	
6.9.2017	22:55:1	23.60	61.00	19.00	54.00	32.66	101201.73	20.63	998	61	116	997	962	26	21	-200	-200	-200	-200	-200	-200	-200	-200	-200	
6.9.2017	22:55:2	23.60	61.00	19.00	54.00	32.65	101205.19	20.63	998	46	128	994	959	30	21	-200	-200	-200	-200	-200	-200	-200	-200	-200	
6.9.2017	22:58:35	23.60	60.80	19.00	54.00	32.64	101205.02	20.63	996	30	82	992	965	20	22	-200	-200	-200	-200	-200	-200	-200	-200	-200	
6.9.2017	22:58:36	23.60	60.80	19.00	54.00	32.65	101200.64	20.63	998	53	113	998	954	18	20	-200	-200	-200	-200	-200	-200	-200	-200	-200	
6.9.2017	22:58:37	23.70	60.40	19.00	54.00	32.71	101203.69	20.63	998	55	118	998	958	21	21	-200	-200	-200	-200	-200	-200	-200	-200	-200	
6.9.2017	22:58:39	23.70	60.40	19.00	54.00	32.73	101203.05	20.63	998	56	114	998	964	19	20	-200	-200	-200	-200	-200	-200	-200	-200	-200	
6.9.2017	22:58:41	23.70	60.50	19.00	54.00	32.76	101203.02	20.63	998	56	114	998	961	19	21	-200	-200	-200	-200	-200	-200	-200	-200	-200	
6.9.2017	22:58:42	23.70	60.50	19.00	54.00	32.80	101205.93	20.63	999	45	118	998	961	19	18	-200	-200	-200	-200	-200	-200	-200	-200	-200	
6.9.2017	22:58:44	23.70	60.50	19.00	54.00	32.85	101202.77	20.63	999	75	76	1000	982	22	24	-200	-200	-200	-200	-200	-200	-200	-200	-200	
6.9.2017	22:58:45	23.70	60.50	19.00	54.00	32.85	101199.73	20.63	998	54	115	998	963	19	20	-200	-200	-200	-200	-200	-200	-200	-200	-200	
6.9.2017	22:58:47	23.70	60.60	19.00	54.00	32.88	101201.38	20.63	998	56	113	998	961	20	20	-200	-200	-200	-200	-200	-200	-200	-200	-200	
6.9.2017	22:58:49	23.70	60.50	19.00	54.00	32.89	101198.14	20.63	998	52	97	995	987	11	20	-200	-200	-200	-200	-200	-200	-200	-200	-200	
6.9.2017	22:58:50	23.70	60.60	19.00	54.00	32.94	101202.66	20.63	999	55	115	998	963	19	21	-200	-200	-200	-200	-200	-200	-200	-200	-200	
6.9.2017	22:58:52	23.70	60.60	19.00	54.00	32.94	101202.50	20.63	999	54	98	999	954	21	20	-200	-200	-200	-200	-200	-200	-200	-200	-200	
6.9.2017	22:58:53	23.70	60.60	19.00	54.00	32.94	101205.69	20.63	998	49	107	996	964	19	20	-200	-200	-200	-200	-200	-200	-200	-200	-200	
6.9.2017	22:58:55	23.70	60.50	19.00	54.00	32.95	101203.08	20.63	998	55	113	998	964	19	20	-200	-200	-200	-200	-200	-200	-200	-200	-200	
6.9.2017	22:58:56	23.70	60.50	19.00	54.00	32.96	101201.02	20.63	998	55	114	998	963	19	20	-200	-200	-200	-200	-200	-200	-200	-200	-200	
6.9.2017	22:58:58	23.70	60.50	19.00	54.00	32.97	101203.25	20.63	998	56	118	998	967	19	20	-200	-200	-200	-200	-200	-200	-200	-200	-200	
6.9.2017	22:59:0	23.70	60.50	19.00	54.00	33.01	101204.38	20.63	998	56	114	998	962	18	20	-200	-200	-200	-200	-200	-200	-200	-200	-200	
6.9.2017	22:59:1	23.70	60.50	19.00	53.00	33.04	101206.19	20.63	999	57	114	998	963	19	20	-200	-200	-200	-200	-200	-200	-200	-200	-200	
6.9.2017	22:59:3	23.70	60.50	19.00	54.00	33.03	101204.06	20.63	998	57	117	999	955	10	21	-200	-200	-200	-200	-200	-200	-200	-200	-200	
6.9.2017	22:59:4	23.70	60.50	19.00	53.00	33.03	101202.36	20.63	999	49	115	998	955	15	22	-200	-200	-200	-200	-200	-200	-200	-200	-200	
6.9.2017	22:59:6	23.70	60.50	19.00	52.00	33.03	101202.89	20.69	998	67	93	1000	964	2	20	-200	-200	-200	-200	-200	-200	-200	-200	-200	
6.9.2017	22:59:8	23.70	60.50	19.00	54.00	33.07	101204.78	20.69	997	27	128	1000	984	9	20	-200	-200	-200	-200	-200	-200	-200	-200	-200	
6.9.2017	22:59:9	23.70	60.50	18.00	55.00	33.09	101203.30	20.69	999	58	114	998	963	21	20	-200	-200	-200	-200	-200	-200	-200	-200	-200	
6.9.2017	22:59:11	23.70	60.50	19.00	53.00	33.09	101205.81	20.69	998	58	114	998	964	19	20	-200	-200	-200	-200	-200	-200	-200	-200	-200	
6.9.2017	22:59:12	23.70	60.50	19.00	53.00	33.05	101204.23	20.69	998	51	108	999	970	20	21	-200	-200	-200	-200	-200	-200	-200	-200	-200	
6.9.2017	22:59:14	23.70	60.40	19.00	52.00	33.13	101204.59	20.69	999	53	102	995	941	15	21	-200	-200	-200	-200	-200	-200	-200	-200	-200	
6.9.2017	22:59:15	23.70	60.40	19.00	53.00	33.08	101205.73	20.69	998	57	115	998	963	19	20	-200	-200	-200	-200	-200	-200	-200	-200	-200	
6.9.2017	22:59:17	23.70	60.40	19.00	54.00	33.04	101203.67	20.69	999	62	99	996	960	16	20	-200	-200	-200	-200	-200	-200	-200	-200	-200	
6.9.2017	22:59:19	23.70	60.40	19.00	54.00	33.01	101202.16	20.69	998	57	117	994	962	26	19	-200	-200	-200	-200	-200	-200	-200	-200	-200	
6.9.2017	22:59:20	23.70	60.30	19.00	54.00	32.97	101204.77	20.69	998	54	76	1002	1005	32	21	-200	-200	-200	-200	-200	-200	-200	-200	-200	
6.9.2017	22:59:22	23.70	60.30	19.00	54.00	32.97	101203.42	20.69	998	59	115	998	963	19	20	-200	-200	-200	-200	-200	-200	-200	-200	-200	
6.9.2017	22:59:23	23.70	60.30	19.00	54.00	33.00	101202.95	20.69	998	63	119	998	963	21	20	-200	-200	-200	-200	-200	-200	-200	-200	-200	
6.9.2017	22:59:25	23.70	60.30	19.00	54.00	33.05	101204.73	20.69	998	56	114	997	960	23	20	-200	-200	-200	-200	-200	-200	-200	-200	-200	
6.9.2017	22:59:27	23.70	60.30	19.00	54.00	33.07	101204.12	20.69	998	58	114	998	963	19	20	-200	-200	-200	-200	-200	-200	-200	-200	-200	
6.9.2017	22:59:28	23.70	60.30	19.00	54.00	33.05	101205.06	20.69	998	58	114	998	963	19	20	-200	-200	-200	-200	-200	-200	-200	-200	-200	
6.9.2017	22:59:30	23.70	60.30	19.00	54.00	33.10	101206.27	20.69	999	53	97	997	998	19	20	-200	-200	-200	-200	-200	-200	-200	-200	-200	
6.9.2017	22:59:31	23.70	60.30	19.00	54.00	33.12	101204.98	20.69	997	59	100	999	964	18	21	-200	-200	-200	-200	-200	-200	-200	-200	-200	
6.9.2017	22:59:33	23.70	60.30	19.00	54.00	33.14	101205.98	20.69	998	70	119	1000	980	26	22	-200	-200	-200	-200	-200	-200	-200	-200	-200	
6.9.2017	22:59:34	23.70	60.30	19.00	54.00	33.16	101202.99	20.69	998	58	114	998	963	18	21	-200	-200	-200	-200	-200	-200	-200	-200	-200	
6.9.2017	22:59:36	23.70	60.30	19.00	54.00	33.17	101204.22	20.69	999	57	112	998	965	20	20	-200	-200	-200	-200	-200	-200	-200	-200	-200	
6.9.2017	22:59:38	23.70	60.30	19.00	54.00	33.19	101206.63	20.69	998	54	116	998	970	21	20	-200	-200	-200	-200	-200	-200	-200	-200	-200	
6.9.2017	22:59:39	23.70	60.30	19.00	54.00	33.23	101202.34	20.69	998	58	99	997	974	18	21	-200	-200	-200	-200	-200	-200	-200	-200	-200	
6.9.2017	22:59:41	23.70	60.30	19.00	54.00	33.23	101202.01	20.69	998	52	105	999	963	19	20	-200	-200	-200	-200	-200	-200	-200	-200	-200	
6.9.2017	22:59:42	23.70	60.30	19.00	54.00	33.25	101201.70	20.69	998	57	114	998	963	19	20	-200	-200	-200	-200	-200	-200	-200	-200	-200	
6.9.2017	22:59:44	23.70	60.30	19.00	54.00	33.26	101206.67	20.69	999	57	101	998	943	5	20	-200	-200	-200	-200	-200	-200	-200	-200	-200	
6.9.2017	22:59:46	23.70	60.30	19.00	54.00	33.24	101203.77	20.69	999	63	115	999	955	10	20	-200	-200	-200	-200	-200	-200	-200	-200	-200	
6.9.2017	22:59:47	23.70	60.30	19.00	54.00	33.25	101203.23	20.69	998	62	121	998	965	6	20	-200	-200	-200	-200	-200	-200	-200	-200	-200	
6.9.2017	22:59:49	23.70	60.20	19.00	54.00	33.23	101205.70	20.69	998	88	122	1000	956	24	22	-200	-200	-200	-200	-200	-200	-200	-200	-200	
6.9.2017	22:59:50	23.70	60.20	19.00	54.00	33.23	101204.89	20.69	999	57	114	998	963	19	20	-200	-200	-200	-200	-200	-200	-200	-200	-200	
6.9.2017	22:59:52	23.70	60.20	19.00	54.00	33.20	101203.74	20.69	998	57	113	998	963	19	20	-200	-200	-200	-200	-200	-200	-200	-200	-200	
6.9.2017	22:59:53	23.70	60.20	19.00	54.00	33.16	101205.17	20.69	999	58	119	998	968	19	20	-200	-200	-200	-200	-200	-200	-200	-200	-200	
6.9.2017	22:59:55	23.70	60.20	19.00	54.00	33.17	101204.92	20.69	999	57	113	998	967	19	20	-200	-200	-200	-200	-200	-200	-200	-200	-200	
6.9.2017	22:59:57	23.70	60.20	19.00	54.00	33.19	101201.59	20.69	998	57	113	999	981	18	21	-200	-200	-200	-200	-200	-200	-200	-200	-200	
6.9.2017	22:59:58	23.70	60.10	19.00	54.00	33.18	101202.17	20.69	998	42	128	998	956	22	20	-200	-200	-200	-200	-200	-200	-200	-200	-200	
6.9.2017	23:0:0	23.70	60.10	19.00	54.00	33.13	101202.66	20.69	998	59	115	998	963	19	21	-200	-200	-200	-200	-200	-200	-200	-200	-200	
6.9.2017	23:0:11	23.70	60.20	19.00	54.00	32.89	101202.97	20.69	998	59	116	997	960	20	22	-200	-200	-200	-200	-200	-200	-200	-200	-200	
6.9.2017	23:0:13	23.70	60.20	19.00	54.00	32.89	101199.95	20.69	998	60	110	997	965	19	21	-200	-200	-200	-200	-200	-200	-200	-200	-200	
6.9.2017	23:1:14	23.70	60.30	19.00	54.00	32.55	101205.13	20.69	998	55	120	998	970	20	20	-200	-200	-200	-200	-200	-200	-200	-200	-200	
6.9.2017	23:2:16	23.60	61.00	19.00	54.00	32.58	101198.73	20.75	998	56	114	998	966	19	21	-200	-200	-200	-200	-200	-200	-200	-200	-200	
6.9.2017	23:3:18	23.50	61.20	19.00	54.00	32.83	101201.05	20.88	998	64	94	996	969	20	19	-200	-200	-200	-200	-200	-200	-200	-200	-200	
6.9.2017	23:4:20	23.50	61.40	19.00	54.00	33.00	101197.25	20.81	999	49	126	998	964	27	24	-200	-200	-200	-200	-200	-200	-200	-200	-200	
6.9.2017	23:5:22	23.40	61.80	19.00	54.00	33.30	101200.66	20.94	998	56	120	999	977	19	20	-200	-200	-200	-200	-200	-200	-200	-200	-200	
6.9.2017	23:6:24	23.40	62.00	19.00	54.00	33.48	101197.91	20.94	998	60	104	998	969	20	21	-200	-200	-200	-200	-200	-200	-200	-200	-200	
6.9.2017	23:7:27	23.40	62.50	19.00	54.00	32.93	101197.36	20.94	998	59	126	1000	976	20	20	-200	-200	-200	-200	-200	-200	-200	-200	-200	
6.9.2017	23:8:29	23.30	62.60	19.00	54.00	33.01	101198.16	21.00	998	60	115	997	966	21	20	-200	-200	-200	-200	-200	-200	-200	-200	-200	
6.9.2017	23:9:31	23.30	62.10	19.00	54.00	32.86	101196.30	21.13	998	59	110	998	942	18	19	-200	-200	-200	-200	-200	-200	-200	-200	-200	
6.9.2017	23:10:33	23.40	61.70	19.00	54.00	33.22	101193.51	21.19	999	62	110	1000	924	26	19	-200	-200	-200	-200	-200	-200	-200	-200	-200	
6.9.2017	23:11:29	23.40	61.50	19.00	54.00	33.20	101191.83	21.31	998	59	115	997	962	20	22	-200	-200	-200	-200	-200	-200	-200	-200	-200	
6.9.2017	23:12:36	23.40	61.70	19.00	54.00	33.22	101193.03	21.25	998	60	114	997	962	21	22	-200	-200	-200	-200	-200	-200	-200	-200	-200	
6.9.2017	23:13:32	23.40	61.70	20.00	54.00	33.41	101189.14	21.38	998	71	100	995	961	29	22	-200	-200	-200	-200	-200	-200	-200	-200	-200	
6.9.2017	23:13:37	23.40	61.90	20.00	53.00	33.41	101191.16	21.38	998	61	116	997	962	21	22	-200	-200	-200	-200	-200	-200	-200	-200	-200	
6.9.2017	23:16:25	23.30	61.80	20.00	53.00	33.30	101187.18	21.44	997	62	117	993	966	14	22	-200	-200	-200	-200	-200	-200	-200	-200	-200	
6.9.2017	23:18:25	23.40	61.10	20.00	53.00	33.52	101185.91	21.31	998	65	120	995	960	23	22	-200	-200	-200	-200	-200	-200	-200	-200	-200	
6.9.2017	23:19:4	23.30	61.60	20.00	54.00	33.65	101191.12	21.25	998	62	123	995	967	21	22	-200	-200	-200	-200	-200	-200	-200	-200	-200	
6.9.2017	23:19:14	23.40	61.40	20.00	54.00	33.68	101188.79	21.19	998	53	119	994	936	14	22	-200	-200	-200	-200	-200	-200	-200	-200	-200	
6.9.2017	23:20:42	23.40	61.40	20.00	54.00	33.59	101187.36	21.13	997	46	118	997	962	21	22	-200	-200	-200	-200	-200	-200	-200	-200	-200	
6.9.2017	23:21:24	23.50	61.20	20.00	54.00	33.77	101184.36	21.06	998	45	129	997	968	21	22	-200	-200	-200	-200	-200	-200	-200	-200	-200	
6.9.2017	23:21:48	23.50	61.20	20.00	54.00	33.88	101184.42	21.06	998	58	118	997	988	21	22	-200	-200	-200	-200	-200	-200	-200	-200	-200	
6.9.2017	23:23:45	23.60	61.00	20.00	54.00	33.78	101184.13	21.00	998	59	116	997	962	21	22	-200	-200	-200	-200	-200	-200	-200	-200	-200	
6.9.2017	23:24:40	23.60	61.00	20.00	54.00	33.70	101188.95	20.94	998	61	119	997	958	23	21	-200	-200	-200	-200	-200	-200	-200	-200	-200	
6.9.2017	23:25:40	23.60	61.00	20.00	54.00	33.83	101192.00	20.94	998	59	119	998	962	19	21	-200	-200	-200	-200	-200	-200	-200	-200	-200	
6.9.2017	23:26:9	23.70	61.20	19.00	54.00	33.73	101193.72	20.94	998	58	115	997	962	21	22	-200	-200	-200	-200	-200	-200	-200	-200	-200	
6.9.2017	23:26:18	23.70	61.10	19.00	54.00	33.78	101191.21	20.94	998	57	115	997	967	16	21	-200	-200	-200	-200	-200	-200	-200	-200	-200	
6.9.2017	23:27:19	23.70	61.10	19.00	54.00	33.93	101190.31	20.88	997	68	112	1002	952	17	20	-200	-200	-200	-200	-200	-200	-200	-200	-200	
6.9.2017	23:28:19	23.60	60.90	19.00	54.00	33.90	101194.25	20.88	998	57	114	998	964	19	20	-200	-200	-200	-200	-200	-200	-200	-200	-200	
6.9.2017	23:28:54	23.70	60.90	19.00	54.00	33.79	101192.50	20.88	998	56	115	997	962	20	21	-200	-200	-200	-200	-200	-200	-200	-200	-200	
6.9.2017	23:29:55	23.70	60.90	20.00	54.00	33.80	101194.73	20.94	1001	74	129	1000	971	32	33	-200	-200	-200	-200	-200	-200	-200	-200	-200	
6.9.2017	23:30:56	23.80	61.10	19.00	54.00	32.83	101188.86	20.94	988	58	113	986	956	21	24	-200	-200	-200	-200	-200	-200	-200	-200	-200	
6.9.2017	23:31:56	23.90	62.70	20.00	54.00	31.49	101193.86	20.94	1005	67	123	1004	968	27	30	-200	-200	-200	-200	-200	-200	-200	-200	-200	
6.9.2017	23:32:56	23.90	60.90	19.00	54.00	31.57	101192.87	20.94	1005	66	121	1004	969	27	28	-200	-200	-200	-200	-200	-200	-200	-200	-200	
6.9.2017	23:33:42	24.00	59.80	19.00	54.00	31.53	101192.77	20.94	1004	65	122	838	969	29	30	-200	-200	-200	-200	-200	-200	-200	-200	-200	
6.9.2017	23:34:43	24.00	59.80	19.00	54.00	31.58	101191.15	20.94	1005	67	121	824	970	27	28	-200	-200	-200	-200	-200	-200	-200	-200	-200	
6.9.2017	23:35:43	24.00	59.70	19.00	54.00	31.57	101191.70	20.94	1005	65	122	810	965	27	28	-200	-200	-200	-200	-200	-200	-200	-200	-200	
6.9.2017	23:36:7	24.00	59.70	19.00	54.00	31.54	101190.41	20.94	1005	66	122	811	970	30	30	-200	-200	-200	-200	-200	-200	-200	-200	-200	
6.9.2017	23:37:8	24.00	59.70	19.00	54.00	31.53	101191.62	20.94	1005	64	120	1004	971	27	29	-200	-200	-200	-200	-200	-200	-200	-200	-200	
6.9.2017	23:38:8	23.90	59.70	19.00	54.00	31.53	101190.59	21.00	1005	56	122	1005	958	28	28	-200	-200	-200	-200	-200	-200	-200	-200	-200	
6.9.2017	23:39:9	23.90	59.70	19.00	52.00	30.72	101194.33	21.38	1003	94	149	1002	971	61	63	-200	-200	-200	-200	-200	-200	-200	-200	-200	
6.9.2017	23:39:59	24.00	59.70	19.00	49.00	30.86	101188.85	21.38	1002	80	137	1001	972	47	49	-200	-200	-200	-200	-200	-200	-200	-200	-200	
6.9.2017	23:41:0	24.00	59.50	19.00	50.00	31.26	101187.27	21.56	1002	65	126	1002	970	34	36	-200	-200	-200	-200	-200	-200	-200	-200	-200	
6.9.2017	23:42:1	24.00	59.00	20.00	51.00	31.27	101187.72	21.75	1004	65	124	1002	970	41	35	-200	-200	-200	-200	-200	-200	-200	-200	-200	
6.9.2017	23:43:1	24.00	58.70	20.00	49.00	31.25	101186.84	21.81	1002	71	129	1002	956	39	36	-200	-200	-200	-200	-200	-200	-200	-200	-200	
6.9.2017	23:43:41	24.00	58.50	20.00	49.00	31.61	101185.78	21.75	1002	88	152	1000	982	42	38	-200	-200	-200	-200	-200	-200	-200	-200	-200	
6.9.2017	23:48:44	23.90	58.60	20.00	49.00	31.30	101193.03	21.38	1002	55	125	1002	991	28	32	-200	-200	-200	-200	-200	-200	-200	-200	-200	
6.9.2017	23:53:46	23.80	58.70	20.00	51.00	31.58	101180.95	21.13	1002	57	140	1001	976	32	32	-200	-200	-200	-200	-200	-200	-200	-200	-200	
6.9.2017	23:58:49	23.90	59.30	20.00	51.00	31.49	101179.31	21.13	1001	90	134	1003	1023	8	34	-200	-200	-200	-200	-200	-200	-200	-200	-200	
7.9.2017	0:3:51	23.80	59.70	20.00	49.00	31.74	101170.73	21.75	1002	69	121	1002	976	31	33	-200	-200	-200	-200	-200	-200	-200	-200	-200	
7.9.2017	0:8:54	23.70	57.30	20.00	47.00	31.50	101171.42	21.88	1002	69	124	1001	971	22	32	-200	-200	-200	-200	-200	-200	-200	-200	-200	
7.9.2017	0:13:56	23.90	56.70	20.00	46.00	31.83	101170.66	21.94	1002	68	129	1002	966	35	32	-200	-200	-200	-200	-200	-200	-200	-200	-200	
7.9.2017	0:18:58	24.00	55.80	20.00	46.00	31.59	101168.15	22.00	1002	64	125	1002	972	32	33	-200	-200	-200	-200	-200	-200	-200	-200	-200	
7.9.2017	0:24:1	24.00	55.80	20.00	46.00	31.42	101171.06	21.94	1002	72	127	1001	969	32	34	-200	-200	-200	-200	-200	-200	-200	-200	-200	
7.9.2017	0:29:3	24.00	55.60	20.00	46.00	31.84	101169.89	21.88	1002	66	125	1001	973	35	33	-200	-200	-200	-200	-200	-200	-200	-200	-200	
7.9.2017	0:34:6	24.10	55.40	20.00	46.00	31.25	101169.78	21.94	1002	62	124	1002	966	32	34	-200	-200	-200	-200	-200	-200	-200	-200	-200	
7.9.2017	0:39:8	24.10	55.40	20.00	46.00	31.80	101161.95	21.94	1002	70	130	1001	967	34	34	-200	-200	-200	-200	-200	-200	-200	-200	-200	
7.9.2017	0:44:11	24.10	55.50	20.00	47.00	31.59	101158.64	21.94	1002	66	131	1001	964	32	34	-200	-200	-200	-200	-200	-200	-200	-200	-200	
7.9.2017	0:49:13	24.10	55.30	20.00	47.00	31.51	101164.65	21.44	1002	53	136	1004	957	38	35	-200	-200	-200	-200	-200	-200	-200	-200	-200	
7.9.2017	0:54:15	24.10	55.40	19.00	47.00	31.87	101165.88	20.94	1004	98	142	1003	941	38	35	-200	-200	-200	-200	-200	-200	-200	-200	-200	
7.9.2017	0:59:18	24.00	55.50	19.00	48.00	31.59	101166.81	20.56	1002	68	129	1001	967	36	36	-200	-200	-200	-200	-200	-200	-200	-200	-200	
7.9.2017	1:4:20	23.90	55.60	19.00	48.00	31.59	101164.49	20.38	1002	67	135	999	973	45	35	-200	-200	-200	-200	-200	-200	-200	-200	-200	
7.9.2017	1:9:23	23.90	55.90	19.00	48.00	31.02	101168.03	20.44	1002	66	126	997	997	38	34	-200	-200	-200	-200	-200	-200	-200	-200	-200	
7.9.2017	1:14:25	23.90	56.00	19.00	48.00	31.15	101163.03	20.88	1002	65	111	1001	971	33	35	-200	-200	-200	-200	-200	-200	-200	-200	-200	
7.9.2017	1:19:28	23.80	56.00	19.00	48.00	31.20	101157.21	21.56	1003	63	130	1001	972	33	36	-200	-200	-200	-200	-200	-200	-200	-200	-200	
7.9.2017	1:24:30	23.90	55.80	19.00	48.00	30.87	101152.71	21.69	1002	63	129	1001	971	34	35	-200	-200	-200	-200	-200	-200	-200	-200	-200	
7.9.2017	1:29:33	23.90	55.70	19.00	48.00	31.03	101153.39	21.56	1002	66	154	1001	970	34	35	-200	-200	-200	-200	-200	-200	-200	-200	-200	
7.9.2017	1:34:35	24.00	55.70	19.00	48.00	31.13	101149.61	21.44	1002	63	131	1001	964	34	36	-200	-200	-200	-200	-200	-200	-200	-200	-200	
7.9.2017	1:39:37	24.00	55.70	19.00	48.00	30.74	101150.27	21.50	1001	63	132	1000	971	34	36	-200	-200	-200	-200	-200	-200	-200	-200	-200	
7.9.2017	1:44:40	23.90	55.60	19.00	48.00	30.79	101136.08	21.44	1002	61	133	1001	963	35	40	-200	-200	-200	-200	-200	-200	-200	-200	-200	
7.9.2017	1:49:42	24.00	55.60	19.00	48.00	30.79	101123.21	21.56	1001	66	141	1000	963	29	38	-200	-200	-200	-200	-200	-200	-200	-200	-200	
7.9.2017	1:54:45	24.00	55.30	19.00	48.00	30.71	101117.22	21.56	1001	65	133	1000	971	34	36	-200	-200	-200	-200	-200	-200	-200	-200	-200	
7.9.2017	1:59:47	24.00	55.10	19.00	47.00	30.88	101117.88	21.50	1001	59	129	1000	971	37	37	-200	-200	-200	-200	-200	-200	-200	-200	-200	
7.9.2017	2:4:50	24.00	54.80	19.00	47.00	30.88	101114.56	21.44	1002	60	151	1001	965	36	36	-200	-200	-200	-200	-200	-200	-200	-200	-200	
7.9.2017	2:9:52	24.00	54.40	19.00	47.00	30.95	101112.95	21.63	1001	74	140	1003	945	38	37	-200	-200	-200	-200	-200	-200	-200	-200	-200	
7.9.2017	2:14:55	24.00	54.40	19.00	47.00	31.01	101111.56	21.63	1001	57	151	1000	993	37	36	-200	-200	-200	-200	-200	-200	-200	-200	-200	
7.9.2017	2:19:57	24.00	53.90	19.00	46.00	30.79	101107.67	21.75	1001	65	136	1000	970	35	38	-200	-200	-200	-200	-200	-200	-200	-200	-200	
7.9.2017	2:24:59	24.00	54.00	19.00	46.00	30.64	101098.92	21.75	1001	63	138	1000	971	35	38	-200	-200	-200	-200	-200	-200	-200	-200	-200	
7.9.2017	2:30:2	24.10	54.00	19.00	46.00	30.81	101094.58	21.75	1001	61	139	1000	970	36	38	-200	-200	-200	-200	-200	-200	-200	-200	-200	
7.9.2017	2:35:4	24.00	53.90	19.00	45.00	31.26	101093.11	21.44	1001	60	143	999	966	36	38	-200	-200	-200	-200	-200	-200	-200	-200	-200	
7.9.2017	2:40:7	24.00	53.90	19.00	46.00	31.02	101088.92	21.44	1001	67	139	1000	971	36	38	-200	-200	-200	-200	-200	-200	-200	-200	-200	
7.9.2017	2:45:9	24.00	53.90	19.00	46.00	31.59	101082.34	21.50	1001	60	140	1000	969	34	39	-200	-200	-200	-200	-200	-200	-200	-200	-200	
7.9.2017	2:50:12	24.00	53.90	19.00	46.00	31.92	101079.31	20.94	1001	64	147	999	968	36	38	-200	-200	-200	-200	-200	-200	-200	-200	-200	
7.9.2017	2:55:14	24.00	53.90	19.00	47.00	31.72	101078.81	20.75	1001	57	141	1000	970	36	38	-200	-200	-200	-200	-200	-200	-200	-200	-200	
7.9.2017	3:0:16	23.90	53.90	19.00	46.00	31.83	101076.61	20.69	1001	57	139	999	972	35	37	-200	-200	-200	-200	-200	-200	-200	-200	-200	
7.9.2017	3:5:19	23.80	54.20	19.00	47.00	31.78	101067.20	21.25	1002	64	172	1003	952	37	60	-200	-200	-200	-200	-200	-200	-200	-200	-200	
7.9.2017	3:10:21	23.90	53.90	19.00	45.00	32.29	101064.77	21.00	1001	53	137	1000	970	32	34	-200	-200	-200	-200	-200	-200	-200	-200	-200	
7.9.2017	3:15:24	23.90	53.90	19.00	46.00	32.36	101058.70	21.13	1001	65	137	1000	971	34	32	-200	-200	-200	-200	-200	-200	-200	-200	-200	
7.9.2017	3:20:26	23.80	53.80	19.00	46.00	31.81	101053.80	21.50	1001	53	135	1000	970	32	34	-200	-200	-200	-200	-200	-200	-200	-200	-200	
7.9.2017	3:25:29	23.90	53.80	19.00	45.00	31.66	101045.44	21.75	1001	54	137	1000	994	34	36	-200	-200	-200	-200	-200	-200	-200	-200	-200	
7.9.2017	3:30:31	23.90	53.90	19.00	44.00	31.51	101040.85	21.69	1000	56	141	1000	950	20	35	-200	-200	-200	-200	-200	-200	-200	-200	-200	
7.9.2017	3:35:34	23.90	53.30	19.00	44.00	31.48	101039.05	21.94	1000	57	137	999	970	32	35	-200	-200	-200	-200	-200	-200	-200	-200	-200	
7.9.2017	3:40:36	23.90	53.10	19.00	43.00	31.74	101037.20	22.00	1000	57	117	1001	978	33	35	-200	-200	-200	-200	-200	-200	-200	-200	-200	
7.9.2017	3:45:38	24.00	52.60	20.00	43.00	31.50	101031.88	21.94	1001	50	153	999	962	12	36	-200	-200	-200	-200	-200	-200	-200	-200	-200	
7.9.2017	3:50:41	24.10	52.50	20.00	43.00	31.37	101028.20	22.00	999	52	142	999	969	34	36	-200	-200	-200	-200	-200	-200	-200	-200	-200	
7.9.2017	3:55:43	24.00	52.40	20.00	43.00	31.85	101027.95	21.94	1000	53	143	999	971	38	33	-200	-200	-200	-200	-200	-200	-200	-200	-200	
7.9.2017	4:0:46	24.00	52.60	20.00	43.00	31.29	101029.92	22.06	1000	63	110	994	995	20	33	-200	-200	-200	-200	-200	-200	-200	-200	-200	
7.9.2017	4:5:48	24.00	52.70	20.00	44.00	32.33	101029.16	22.00	1000	56	145	999	968	34	37	-200	-200	-200	-200	-200	-200	-200	-200	-200	
7.9.2017	4:10:51	24.00	52.90	20.00	44.00	32.17	101030.45	22.00	1000	57	143	999	970	34	37	-200	-200	-200	-200	-200	-200	-200	-200	-200	
7.9.2017	4:15:53	24.10	53.10	20.00	45.00	31.89	101022.98	22.06	1000	60	146	999	970	35	37	-200	-200	-200	-200	-200	-200	-200	-200	-200	
7.9.2017	4:20:55	24.10	53.10	20.00	45.00	31.77	101013.70	22.19	1000	60	147	999	970	35	37	-200	-200	-200	-200	-200	-200	-200	-200	-200	
7.9.2017	4:25:58	24.10	53.10	20.00	45.00	32.13	101010.47	22.06	1000	61	150	999	963	35	38	-200	-200	-200	-200	-200	-200	-200	-200	-200	
7.9.2017	4:31:0	24.10	54.00	20.00	46.00	32.55	100996.88	22.06	1000	52	152	1001	966	48	38	-200	-200	-200	-200	-200	-200	-200	-200	-200	
7.9.2017	4:36:3	24.10	53.70	20.00	46.00	32.77	100992.61	22.06	1000	64	148	999	969	36	38	-200	-200	-200	-200	-200	-200	-200	-200	-200	
7.9.2017	4:41:5	24.10	53.70	20.00	46.00	32.79	100985.32	21.94	1000	65	150	999	970	36	39	-200	-200	-200	-200	-200	-200	-200	-200	-200	
7.9.2017	4:46:8	24.10	53.90	20.00	46.00	32.57	100988.89	21.81	1000	70	155	998	962	37	40	-200	-200	-200	-200	-200	-200	-200	-200	-200	
7.9.2017	4:51:10	24.10	54.00	20.00	47.00	32.92	100986.20	21.63	1000	68	153	999	959	30	41	-200	-200	-200	-200	-200	-200	-200	-200	-200	
7.9.2017	4:56:13	24.10	54.00	20.00	46.00	32.88	100984.78	21.50	1000	62	152	999	976	38	39	-200	-200	-200	-200	-200	-200	-200	-200	-200	
7.9.2017	5:1:15	24.10	54.00	20.00	47.00	33.07	100978.94	21.56	1000	65	151	999	969	38	40	-200	-200	-200	-200	-200	-200	-200	-200	-200	
7.9.2017	5:6:17	24.10	54.00	20.00	47.00	33.06	100979.03	21.50	1000	65	151	998	968	38	40	-200	-200	-200	-200	-200	-200	-200	-200	-200	
7.9.2017	5:11:20	24.10	54.00	20.00	46.00	32.40	100974.84	21.50	1000	69	143	999	962	39	42	-200	-200	-200	-200	-200	-200	-200	-200	-200	
7.9.2017	5:16:22	24.00	53.90	19.00	46.00	32.08	100966.80	21.50	1000	64	144	999	975	38	40	-200	-200	-200	-200	-200	-200	-200	-200	-200	
7.9.2017	5:21:25	24.00	53.90	19.00	46.00	32.56	100958.65	21.38	1000	67	148	1000	970	39	41	-200	-200	-200	-200	-200	-200	-200	-200	-200	
7.9.2017	5:26:27	24.00	53.90	19.00	47.00	32.63	100964.47	21.38	1001	66	126	999	964	38	40	-200	-200	-200	-200	-200	-200	-200	-200	-200	
7.9.2017	5:31:30	24.00	53.90	19.00	47.00	32.71	100966.23	21.19	1000	65	150	999	970	37	39	-200	-200	-200	-200	-200	-200	-200	-200	-200	
7.9.2017	5:36:32	24.00	54.50	19.00	47.00	32.78	100968.76	21.06	1000	42	159	999	1023	42	36	-200	-200	-200	-200	-200	-200	-200	-200	-200	
7.9.2017	5:41:35	24.00	54.40	19.00	48.00	32.76	100966.08	21.13	1000	66	149	999	970	37	40	-200	-200	-200	-200	-200	-200	-200	-200	-200	
7.9.2017	5:46:37	23.90	54.70	19.00	47.00	32.23	100946.30	21.19	1000	66	147	999	969	38	40	-200	-200	-200	-200	-200	-200	-200	-200	-200	
7.9.2017	5:51:39	23.90	54.60	19.00	47.00	31.13	100945.16	21.38	1000	69	150	999	971	39	41	-200	-200	-200	-200	-200	-200	-200	-200	-200	
7.9.2017	5:56:42	23.90	53.90	19.00	47.00	31.70	100960.19	21.19	1000	65	149	999	969	38	41	-200	-200	-200	-200	-200	-200	-200	-200	-200	
7.9.2017	6:1:44	23.90	53.90	19.00	47.00	31.27	100971.53	21.19	1000	54	146	999	969	33	35	-200	-200	-200	-200	-200	-200	-200	-200	-200	
7.9.2017	6:6:47	23.90	54.20	19.00	47.00	29.11	101004.45	20.69	1000	53	138	999	969	30	32	-200	-200	-200	-200	-200	-200	-200	-200	-200	
7.9.2017	6:11:55	23.70	54.60	19.00	47.00	28.53	101026.05	20.19	1000	50	132	1000	960	33	33	-200	-200	-200	-200	-200	-200	-200	-200	-200	
7.9.2017	6:17:7	23.60	55.00	19.00	47.00	29.03	100999.05	19.81	702	64	229	990	953	49	52	-200	-200	-200	-200	-200	-200	-200	-200	-200	
7.9.2017	6:22:13	23.60	55.40	18.00	48.00	27.78	101010.06	18.13	685	33	367	970	913	43	45	-200	-200	-200	-200	-200	-200	-200	-200	-200	
7.9.2017	6:27:19	23.60	55.60	17.00	50.00	28.27	100996.58	17.88	531	42	391	964	876	36	46	-200	-200	-200	-200	-200	-200	-200	-200	-200	
7.9.2017	6:32:26	23.60	55.90	17.00	50.00	27.77	100980.33	17.75	518	43	411	960	850	42	49	-200	-200	-200	-200	-200	-200	-200	-200	-200	
7.9.2017	6:37:37	23.80	55.80	17.00	50.00	27.39	100979.02	17.69	563	43	417	956	829	42	50	-200	-200	-200	-200	-200	-200	-200	-200	-200	
7.9.2017	6:42:45	23.80	55.70	17.00	50.00	27.66	100973.23	17.81	573	51	434	952	832	51	58	-200	-200	-200	-200	-200	-200	-200	-200	-200	
7.9.2017	6:47:53	23.70	56.10	17.00	50.00	27.77	100973.49	17.81	557	42	428	952	846	43	51	-200	-200	-200	-200	-200	-200	-200	-200	-200	
7.9.2017	6:53:1	23.80	56.40	17.00	50.00	27.65	100983.56	18.06	627	43	437	949	841	46	54	-200	-200	-200	-200	-200	-200	-200	-200	-200	
7.9.2017	6:58:6	23.90	56.00	17.00	50.00	27.61	101002.91	18.13	647	48	446	945	816	49	57	-200	-200	-200	-200	-200	-200	-200	-200	-200	
7.9.2017	7:3:11	23.90	56.40	17.00	50.00	28.08	101004.05	18.06	629	51	451	945	747	61	58	-200	-200	-200	-200	-200	-200	-200	-200	-200	
7.9.2017	7:8:15	23.90	56.10	17.00	50.00	28.30	100976.30	18.13	597	47	454	929	645	58	60	-200	-200	-200	-200	-200	-200	-200	-200	-200	
7.9.2017	7:13:17	23.90	56.80	17.00	50.00	28.91	100966.41	18.31	381	50	454	918	545	61	61	-200	-200	-200	-200	-200	-200	-200	-200	-200	
7.9.2017	7:18:20	23.90	56.70	17.00	50.00	29.33	100978.89	18.38	367	61	458	912	406	72	65	-200	-200	-200	-200	-200	-200	-200	-200	-200	
7.9.2017	7:23:22	23.90	57.20	17.00	50.00	28.91	100976.73	18.44	357	68	465	899	200	71	63	-200	-200	-200	-200	-200	-200	-200	-200	-200	
7.9.2017	7:28:25	23.90	56.70	17.00	49.00	29.50	100974.09	18.38	376	54	458	894	246	72	62	-200	-200	-200	-200	-200	-200	-200	-200	-200	
7.9.2017	7:33:27	23.90	56.90	17.00	50.00	29.33	100993.28	18.56	328	50	456	882	114	59	62	-200	-200	-200	-200	-200	-200	-200	-200	-200	
7.9.2017	7:38:30	23.90	57.30	17.00	50.00	29.57	100992.22	18.56	318	24	443	861	74	47	36	-200	-200	-200	-200	-200	-200	-200	-200	-200	
7.9.2017	7:43:32	23.90	56.20	17.00	50.00	30.45	101011.73	18.75	421	26	451	824	71	60	38	-200	-200	-200	-200	-200	-200	-200	-200	-200	
7.9.2017	7:48:35	23.90	56.50	18.00	50.00	29.92	101024.20	18.75	628	26	453	835	72	56	37	-200	-200	-200	-200	-200	-200	-200	-200	-200	
7.9.2017	7:53:37	23.90	56.40	18.00	49.00	30.16	101028.50	18.81	702	23	426	812	68	64	34	-200	-200	-200	-200	-200	-200	-200	-200	-200	
7.9.2017	7:58:40	23.90	56.50	18.00	50.00	30.16	101023.52	18.88	704	21	365	779	63	75	30	-200	-200	-200	-200	-200	-200	-200	-200	-200	
7.9.2017	8:3:43	23.90	56.30	18.00	50.00	30.90	101011.98	19.06	751	17	293	759	58	82	25	-200	-200	-200	-200	-200	-200	-200	-200	-200	
7.9.2017	8:8:46	23.90	56.40	19.00	50.00	30.84	101008.18	19.38	782	16	287	727	56	96	26	-200	-200	-200	-200	-200	-200	-200	-200	-200	
7.9.2017	8:13:49	23.80	57.00	19.00	50.00	31.14	101001.80	19.63	915	18	290	688	54	110	26	-200	-200	-200	-200	-200	-200	-200	-200	-200	
7.9.2017	8:18:3	23.80	56.50	19.00	48.00	31.14	100999.59	19.88	931	19	289	670	55	117	25	-200	-200	-200	-200	-200	-200	-200	-200	-200	
7.9.2017	8:19:39	23.80	56.70	19.00	48.00	31.38	100996.17	20.00	940	24	290	671	54	115	37	-200	-200	-200	-200	-200	-200	-200	-200	-200	
7.9.2017	8:24:43	23.80	56.60	20.00	48.00	31.89	100997.86	20.31	876	16	288	708	56	105	26	-200	-200	-200	-200	-200	-200	-200	-200	-200	
7.9.2017	8:29:46	23.90	56.20	20.00	47.00	31.86	100992.70	20.25	961	18	289	790	58	74	24	-200	-200	-200	-200	-200	-200	-200	-200	-200	
7.9.2017	8:34:49	24.00	55.90	20.00	47.00	31.48	100998.39	20.06	959	17	288	809	59	69	25	-200	-200	-200	-200	-200	-200	-200	-200	-200	
7.9.2017	8:39:51	24.10	55.80	19.00	48.00	31.56	100993.59	20.13	905	26	291	800	58	66	23	-200	-200	-200	-200	-200	-200	-200	-200	-200	
7.9.2017	8:48:32	23.90	56.60	19.00	47.00	31.15	100992.02	20.38	945	39	305	739	81	96	47	-200	-200	-200	-200	-200	-200	-200	-200	-200	
7.9.2017	8:49:42	23.80	56.90	19.00	47.00	30.43	100995.02	20.38	938	43	313	743	89	102	37	-200	-200	-200	-200	-200	-200	-200	-200	-200	
7.9.2017	8:54:44	23.90	56.80	19.00	46.00	31.34	101002.80	21.00	973	44	306	742	85	104	55	-200	-200	-200	-200	-200	-200	-200	-200	-200	
7.9.2017	9:8:58	24.00	56.60	19.00	47.00	30.56	100997.52	21.13	975	65	330	781	122	113	78	-200	-200	-200	-200	-200	-200	-200	-200	-200	
7.9.2017	9:14:0	24.10	57.00	19.00	46.00	31.32	100997.08	21.25	976	67	328	741	119	127	75	-200	-200	-200	-200	-200	-200	-200	-200	-200	
7.9.2017	9:19:3	24.10	56.60	19.00	46.00	31.48	100995.07	21.56	974	65	327	733	123	132	78	-200	-200	-200	-200	-200	-200	-200	-200	-200	
7.9.2017	9:24:6	24.20	56.00	20.00	45.00	31.09	100991.88	21.38	977	64	326	720	121	126	75	-200	-200	-200	-200	-200	-200	-200	-200	-200	
7.9.2017	9:29:9	24.10	56.10	20.00	45.00	31.91	100999.09	21.50	976	48	306	702	99	106	47	-200	-200	-200	-200	-200	-200	-200	-200	-200	
7.9.2017	9:34:13	24.20	56.00	20.00	45.00	31.43	100999.41	21.38	976	42	307	703	100	113	49	-200	-200	-200	-200	-200	-200	-200	-200	-200	
7.9.2017	9:39:16	24.20	55.60	20.00	46.00	31.96	101009.67	21.38	976	41	306	709	100	109	47	-200	-200	-200	-200	-200	-200	-200	-200	-200	
7.9.2017	9:44:19	24.20	55.70	20.00	46.00	32.95	101003.93	21.63	977	42	306	711	100	112	50	-200	-200	-200	-200	-200	-200	-200	-200	-200	
7.9.2017	9:49:21	24.20	56.20	20.00	46.00	32.75	101019.23	21.63	978	42	307	711	106	116	61	-200	-200	-200	-200	-200	-200	-200	-200	-200	
7.9.2017	9:54:24	24.10	56.20	21.00	43.00	33.06	101030.16	21.81	973	42	306	723	103	105	47	-200	-200	-200	-200	-200	-200	-200	-200	-200	
7.9.2017	9:59:26	24.20	56.30	21.00	45.00	33.13	101032.82	21.81	961	40	304	730	106	103	53	-200	-200	-200	-200	-200	-200	-200	-200	-200	
7.9.2017	10:4:29	24.20	56.30	21.00	44.00	33.16	101041.53	21.63	978	36	304	753	107	103	52	-200	-200	-200	-200	-200	-200	-200	-200	-200	
7.9.2017	10:9:31	24.20	56.30	21.00	45.00	33.17	101050.25	21.50	978	41	306	768	109	97	55	-200	-200	-200	-200	-200	-200	-200	-200	-200	
7.9.2017	10:14:34	24.10	57.10	21.00	46.00	32.83	101058.58	21.25	979	30	308	767	108	97	52	-200	-200	-200	-200	-200	-200	-200	-200	-200	
7.9.2017	10:19:36	24.00	57.80	20.00	47.00	33.04	101068.64	21.44	978	46	306	756	107	101	52	-200	-200	-200	-200	-200	-200	-200	-200	-200	
7.9.2017	10:24:39	24.10	57.90	20.00	47.00	33.07	101072.05	21.63	978	46	307	752	108	105	54	-200	-200	-200	-200	-200	-200	-200	-200	-200	
7.9.2017	10:29:41	24.10	57.70	21.00	46.00	32.87	101078.59	21.56	978	42	306	738	104	108	60	-200	-200	-200	-200	-200	-200	-200	-200	-200	
7.9.2017	10:34:44	24.10	57.10	21.00	45.00	32.35	101082.34	21.69	978	44	306	715	103	106	53	-200	-200	-200	-200	-200	-200	-200	-200	-200	
7.9.2017	10:39:46	24.10	56.30	21.00	44.00	33.38	101080.53	22.00	977	50	305	711	106	117	55	-200	-200	-200	-200	-200	-200	-200	-200	-200	
7.9.2017	10:44:49	24.10	57.10	21.00	45.00	32.95	101083.70	22.13	978	44	305	701	106	121	53	-200	-200	-200	-200	-200	-200	-200	-200	-200	
7.9.2017	10:49:51	24.20	56.70	21.00	44.00	32.33	101085.02	21.88	978	42	306	704	108	121	54	-200	-200	-200	-200	-200	-200	-200	-200	-200	
7.9.2017	10:54:53	24.10	56.40	21.00	44.00	33.20	101078.30	22.19	978	44	305	690	106	127	55	-200	-200	-200	-200	-200	-200	-200	-200	-200	
7.9.2017	10:59:56	24.20	56.60	21.00	44.00	34.24	101077.47	22.94	978	46	307	672	105	127	62	-200	-200	-200	-200	-200	-200	-200	-200	-200	
7.9.2017	11:4:58	24.20	56.60	21.00	43.00	33.82	101082.45	23.19	978	49	311	671	110	132	64	-200	-200	-200	-200	-200	-200	-200	-200	-200	
7.9.2017	11:10:1	24.30	56.20	22.00	42.00	32.81	101078.19	22.44	979	55	315	688	113	132	62	-200	-200	-200	-200	-200	-200	-200	-200	-200	
7.9.2017	11:15:4	24.20	55.60	21.00	40.00	32.94	101081.91	22.56	978	49	309	654	107	129	79	-200	-200	-200	-200	-200	-200	-200	-200	-200	
7.9.2017	11:20:7	24.20	55.30	21.00	41.00	33.30	101080.09	22.81	978	50	312	640	106	138	61	-200	-200	-200	-200	-200	-200	-200	-200	-200	
7.9.2017	11:25:10	24.30	55.20	22.00	40.00	33.44	101077.52	22.88	975	52	307	646	108	141	67	-200	-200	-200	-200	-200	-200	-200	-200	-200	
7.9.2017	11:30:12	24.30	55.20	22.00	40.00	34.08	101072.69	23.00	978	44	311	650	107	133	58	-200	-200	-200	-200	-200	-200	-200	-200	-200	
7.9.2017	11:35:15	24.40	55.00	23.00	37.00	34.01	101066.64	23.38	978	49	310	684	109	125	59	-200	-200	-200	-200	-200	-200	-200	-200	-200	
7.9.2017	11:40:18	24.50	54.90	22.00	38.00	33.47	101068.78	22.94	978	54	314	680	114	128	65	-200	-200	-200	-200	-200	-200	-200	-200	-200	
7.9.2017	11:45:21	24.50	54.40	22.00	37.00	32.53	101070.73	22.75	976	47	307	666	105	127	60	-200	-200	-200	-200	-200	-200	-200	-200	-200	
7.9.2017	11:50:31	24.40	54.30	22.00	38.00	32.11	101080.25	22.56	978	48	310	648	107	137	59	-200	-200	-200	-200	-200	-200	-200	-200	-200	
7.9.2017	11:55:38	24.40	54.30	21.00	38.00	32.98	101073.83	22.94	977	46	307	629	102	139	59	-200	-200	-200	-200	-200	-200	-200	-200	-200	
7.9.2017	12:0:47	24.30	54.20	22.00	37.00	33.66	101067.41	23.50	977	48	307	617	96	151	56	-200	-200	-200	-200	-200	-200	-200	-200	-200	
7.9.2017	12:5:53	24.40	54.30	23.00	33.00	34.20	101060.14	23.88	977	29	304	637	102	151	57	-200	-200	-200	-200	-200	-200	-200	-200	-200	
7.9.2017	12:11:9	24.50	54.40	23.00	29.00	32.43	101076.45	22.94	977	46	303	652	98	142	54	-200	-200	-200	-200	-200	-200	-200	-200	-200	
7.9.2017	12:16:19	24.50	53.90	22.00	33.00	32.83	101079.56	23.06	976	41	305	658	100	138	59	-200	-200	-200	-200	-200	-200	-200	-200	-200	
7.9.2017	12:21:29	24.50	53.70	22.00	31.00	33.66	101074.09	23.31	977	45	301	661	96	119	43	-200	-200	-200	-200	-200	-200	-200	-200	-200	
7.9.2017	12:26:41	24.50	53.90	22.00	35.00	33.19	101076.05	23.00	977	41	302	660	101	124	56	-200	-200	-200	-200	-200	-200	-200	-200	-200	
7.9.2017	12:31:54	24.50	53.60	22.00	32.00	32.92	101088.42	23.00	977	45	303	667	99	140	53	-200	-200	-200	-200	-200	-200	-200	-200	-200	
7.9.2017	12:37:6	24.60	53.40	22.00	33.00	33.82	101080.77	23.06	977	34	297	666	94	139	49	-200	-200	-200	-200	-200	-200	-200	-200	-200	
7.9.2017	12:42:15	24.60	53.30	22.00	36.00	33.27	101069.92	23.31	977	40	301	649	94	147	54	-200	-200	-200	-200	-200	-200	-200	-200	-200	
7.9.2017	12:47:27	24.50	53.20	22.00	33.00	33.18	101070.53	22.94	977	40	299	642	91	148	52	-200	-200	-200	-200	-200	-200	-200	-200	-200	
7.9.2017	12:52:49	24.50	53.00	22.00	29.00	32.95	101054.36	22.94	977	47	297	635	97	147	58	-200	-200	-200	-200	-200	-200	-200	-200	-200	
7.9.2017	12:58:4	24.40	52.80	22.00	29.00	31.38	101049.22	22.88	978	43	301	650	107	154	72	-200	-200	-200	-200	-200	-200	-200	-200	-200	
7.9.2017	13:3:28	24.50	52.10	22.00	17.00	32.07	101044.52	22.63	977	36	298	648	93	145	49	-200	-200	-200	-200	-200	-200	-200	-200	-200	
7.9.2017	13:8:42	24.50	51.80	22.00	17.00	31.86	101059.80	22.44	977	46	300	676	91	123	46	-200	-200	-200	-200	-200	-200	-200	-200	-200	
7.9.2017	13:14:2	 NAN	0.00	21.00	30.00	31.62	101085.00	22.31	976	39	300	666	94	125	50	-200	-200	-200	-200	-200	-200	-200	-200	-200	
7.9.2017	13:19:43	 NAN	0.00	21.00	28.00	31.69	101068.84	22.19	978	37	292	671	95	114	47	-200	-200	-200	-200	-200	-200	-200	-200	-200	
7.9.2017	13:25:10	24.40	50.10	21.00	28.00	31.96	101070.70	22.13	977	38	298	668	95	123	47	-200	-200	-200	-200	-200	-200	-200	-200	-200	
7.9.2017	13:30:46	24.30	51.10	21.00	17.00	31.25	101075.27	21.88	977	36	295	709	94	84	46	-200	-200	-200	-200	-200	-200	-200	-200	-200	
7.9.2017	13:36:6	24.30	50.70	21.00	24.00	30.87	101065.34	21.88	977	35	297	667	93	126	48	-200	-200	-200	-200	-200	-200	-200	-200	-200	
7.9.2017	17:36:24	24.30	50.30	21.00	17.00	28.80	101008.48	20.50	976	27	289	805	92	67	40	-200	-200	-200	-200	-200	-200	-200	-200	-200	
7.9.2017	17:38:7	23.50	45.90	19.00	18.00	28.80	101005.97	20.50	976	25	289	804	92	63	40	-200	-200	-200	-200	-200	-200	-200	-200	-200	
7.9.2017	17:39:2	23.50	45.90	19.00	18.00	28.64	100994.38	20.50	976	26	289	805	92	63	36	-200	-200	-200	-200	-200	-200	-200	-200	-200	
7.9.2017	17:44:26	23.50	45.80	19.00	18.00	28.88	100996.03	20.44	977	29	291	813	94	60	37	-200	-200	-200	-200	-200	-200	-200	-200	-200	
7.9.2017	18:4:15	23.60	45.40	19.00	18.00	28.23	101006.28	20.25	974	30	291	823	124	64	35	-200	-200	-200	-200	-200	-200	-200	-200	-200	
7.9.2017	18:5:4	23.60	45.10	18.00	19.00	28.40	101006.24	20.19	975	26	289	820	107	62	37	-200	-200	-200	-200	-200	-200	-200	-200	-200	
7.9.2017	18:7:19	23.60	44.80	18.00	19.00	28.24	101013.41	20.06	975	28	289	828	116	59	35	-200	-200	-200	-200	-200	-200	-200	-200	-200	
7.9.2017	18:12:43	23.70	44.10	18.00	19.00	27.92	101018.33	19.94	959	29	288	828	124	64	39	-200	-200	-200	-200	-200	-200	-200	-200	-200	
7.9.2017	18:18:14	23.70	45.60	16.00	19.00	28.34	101002.22	19.75	974	28	284	854	112	47	36	-200	-200	-200	-200	-200	-200	-200	-200	-200	
7.9.2017	18:23:53	23.60	44.20	18.00	19.00	27.95	100997.38	19.75	974	26	287	881	119	49	36	-200	-200	-200	-200	-200	-200	-200	-200	-200	
7.9.2017	18:37:46	23.60	44.30	18.00	21.00	27.29	100986.63	19.19	969	37	286	904	371	44	40	-200	-200	-200	-200	-200	-200	-200	-200	-200	
7.9.2017	18:37:51	23.60	44.20	17.00	30.00	27.34	100984.91	19.19	969	29	287	905	371	43	39	-200	-200	-200	-200	-200	-200	-200	-200	-200	
7.9.2017	18:37:55	23.60	44.20	17.00	33.00	27.33	100978.96	19.19	969	31	287	905	370	41	40	-200	-200	-200	-200	-200	-200	-200	-200	-200	
7.9.2017	18:39:51	23.60	44.20	17.00	30.00	28.07	100993.47	19.06	986	11	276	925	373	26	20	-200	-200	-200	-200	-200	-200	-200	-200	-200	
7.9.2017	18:39:57	23.70	44.30	17.00	33.00	28.09	100997.54	19.06	986	5	276	925	374	24	22	-200	-200	-200	-200	-200	-200	-200	-200	-200	
7.9.2017	19:7:31	23.90	44.10	17.00	34.00	26.52	100989.33	18.50	974	21	276	944	714	27	31	-200	-200	-200	-200	-200	-200	-200	-200	-200	
7.9.2017	19:11:43	24.20	44.50	17.00	45.00	26.52	100988.50	18.50	974	43	290	953	803	37	41	-200	-200	-200	-200	-200	-200	-200	-200	-200	
7.9.2017	19:17:3	24.30	43.80	16.00	34.00	26.51	101002.67	18.44	970	33	280	951	794	26	33	-200	-200	-200	-200	-200	-200	-200	-200	-200	
7.9.2017	19:22:38	24.30	44.10	17.00	33.00	26.28	101010.80	18.44	970	25	280	956	827	30	33	-200	-200	-200	-200	-200	-200	-200	-200	-200	
7.9.2017	19:28:3	24.30	43.80	22.00	42.00	26.70	100998.83	18.38	934	71	293	885	823	65	76	-200	-200	-200	-200	-200	-200	-200	-200	-200	
7.9.2017	20:8:15	24.30	43.50	16.00	34.00	25.60	101046.39	17.81	968	51	281	960	935	26	33	-200	-200	-200	-200	-200	-200	-200	-200	-200	
7.9.2017	20:13:57	 NAN	0.00	16.00	46.00	25.50	101061.05	17.88	968	47	279	961	929	24	32	-200	-200	-200	-200	-200	-200	-200	-200	-200	
7.9.2017	20:19:34	 NAN	0.00	15.00	48.00	25.55	101084.41	17.69	968	49	279	961	931	27	33	-200	-200	-200	-200	-200	-200	-200	-200	-200	
7.9.2017	21:4:28	24.50	42.40	16.00	38.00	24.23	101150.28	15.81	711	51	345	950	924	32	40	-200	-200	-200	-200	-200	-200	-200	-200	-200	
7.9.2017	21:6:5	24.30	43.50	15.00	44.00	24.02	101158.34	15.69	692	47	371	947	914	38	43	-200	-200	-200	-200	-200	-200	-200	-200	-200	
7.9.2017	21:11:44	24.30	43.90	20.00	47.00	24.10	101152.51	15.63	637	66	373	947	923	32	41	-200	-200	-200	-200	-200	-200	-200	-200	-200	
7.9.2017	21:21:20	24.40	43.90	14.00	58.00	23.74	101138.38	15.50	656	53	376	946	909	38	43	-200	-200	-200	-200	-200	-200	-200	-200	-200	
7.9.2017	21:22:29	24.50	43.90	14.00	51.00	23.81	101147.48	15.44	669	63	383	945	922	35	44	-200	-200	-200	-200	-200	-200	-200	-200	-200	
7.9.2017	21:23:37	24.50	44.10	14.00	61.00	23.91	101147.66	15.38	678	57	383	946	922	34	44	-200	-200	-200	-200	-200	-200	-200	-200	-200	
7.9.2017	21:24:42	24.50	44.10	14.00	47.00	23.80	101124.50	15.50	647	56	390	946	922	33	43	-200	-200	-200	-200	-200	-200	-200	-200	-200	
7.9.2017	21:25:48	24.50	44.10	14.00	47.00	23.89	101133.29	15.63	662	64	391	946	921	52	49	-200	-200	-200	-200	-200	-200	-200	-200	-200	
7.9.2017	21:26:55	24.50	43.90	14.00	52.00	23.84	101150.66	15.75	634	58	393	945	923	34	43	-200	-200	-200	-200	-200	-200	-200	-200	-200	
7.9.2017	21:28:3	24.50	43.90	14.00	50.00	23.45	101155.92	15.81	658	53	385	946	922	35	43	-200	-200	-200	-200	-200	-200	-200	-200	-200	
7.9.2017	21:29:12	24.50	43.90	14.00	48.00	23.45	101159.89	15.81	679	42	384	945	955	39	45	-200	-200	-200	-200	-200	-200	-200	-200	-200	
7.9.2017	21:30:20	24.50	43.90	14.00	47.00	23.72	101152.16	15.94	663	59	388	945	922	35	45	-200	-200	-200	-200	-200	-200	-200	-200	-200	
7.9.2017	21:37:52	24.50	43.90	14.00	55.00	23.71	101113.70	15.88	463	56	357	955	879	31	45	-200	-200	-200	-200	-200	-200	-200	-200	-200	
7.9.2017	21:38:9	24.70	43.60	14.00	47.00	23.76	101123.47	15.75	465	64	354	955	884	30	45	-200	-200	-200	-200	-200	-200	-200	-200	-200	
7.9.2017	21:43:42	24.70	43.60	14.00	48.00	23.56	101118.93	15.00	361	51	352	958	898	30	46	-200	-200	-200	-200	-200	-200	-200	-200	-200	
7.9.2017	21:44:50	24.60	43.60	14.00	52.00	23.56	101128.68	15.06	312	62	359	957	906	30	45	-200	-200	-200	-200	-200	-200	-200	-200	-200	
7.9.2017	21:45:58	24.60	43.70	14.00	49.00	23.33	101123.41	15.19	320	63	366	958	901	29	46	-200	-200	-200	-200	-200	-200	-200	-200	-200	
7.9.2017	21:47:7	24.60	43.70	14.00	47.00	23.38	101144.41	15.44	329	49	359	958	892	28	45	-200	-200	-200	-200	-200	-200	-200	-200	-200	
7.9.2017	21:48:15	24.60	43.80	24.00	46.00	23.45	101139.91	15.69	350	57	358	959	893	37	45	-200	-200	-200	-200	-200	-200	-200	-200	-200	
7.9.2017	21:49:24	24.70	43.90	14.00	47.00	23.22	101119.10	15.63	342	50	364	958	916	29	45	-200	-200	-200	-200	-200	-200	-200	-200	-200	
7.9.2017	21:50:31	24.60	43.80	14.00	47.00	23.10	101134.77	15.75	371	48	357	957	890	31	46	-200	-200	-200	-200	-200	-200	-200	-200	-200	
7.9.2017	21:51:41	24.60	43.80	14.00	47.00	23.39	101127.86	15.81	343	47	366	957	885	32	46	-200	-200	-200	-200	-200	-200	-200	-200	-200	
7.9.2017	21:51:56	24.60	43.80	14.00	48.00	23.42	101135.21	15.81	340	41	362	957	890	31	45	-200	-200	-200	-200	-200	-200	-200	-200	-200	
7.9.2017	21:53:5	24.60	43.70	14.00	47.00	23.25	101117.50	15.81	350	39	366	957	889	29	46	-200	-200	-200	-200	-200	-200	-200	-200	-200	
7.9.2017	21:54:14	24.60	43.80	14.00	47.00	23.47	101105.98	15.94	359	48	368	958	885	17	47	-200	-200	-200	-200	-200	-200	-200	-200	-200	
7.9.2017	21:59:17	24.60	43.90	14.00	47.00	23.15	101148.17	16.50	376	47	366	955	893	38	50	-200	-200	-200	-200	-200	-200	-200	-200	-200	
7.9.2017	22:7:12	24.60	43.20	14.00	47.00	23.44	101078.34	16.63	429	53	348	958	900	29	46	-200	-200	-200	-200	-200	-200	-200	-200	-200	
7.9.2017	22:9:48	 NAN	0.00	14.00	59.00	23.36	101071.97	16.50	453	56	343	959	896	27	45	-200	-200	-200	-200	-200	-200	-200	-200	-200	
7.9.2017	22:10:5	24.60	42.70	14.00	47.00	23.78	101079.41	16.50	455	52	343	959	894	29	45	-200	-200	-200	-200	-200	-200	-200	-200	-200	
7.9.2017	22:10:49	24.60	43.40	14.00	46.00	23.32	101091.88	16.56	465	59	342	955	890	30	46	-200	-200	-200	-200	-200	-200	-200	-200	-200	
7.9.2017	22:12:45	24.60	43.30	24.00	46.00	23.41	101069.50	16.63	533	55	340	959	883	29	45	-200	-200	-200	-200	-200	-200	-200	-200	-200	
7.9.2017	22:13:7	24.60	43.30	14.00	46.00	23.47	101083.39	16.63	557	51	339	959	895	29	46	-200	-200	-200	-200	-200	-200	-200	-200	-200	
7.9.2017	22:16:10	24.60	43.20	14.00	46.00	23.48	101099.69	16.63	878	60	339	959	882	28	46	-200	-200	-200	-200	-200	-200	-200	-200	-200	
7.9.2017	22:16:32	24.60	43.20	14.00	59.00	23.52	101063.88	16.63	932	55	339	959	891	29	45	-200	-200	-200	-200	-200	-200	-200	-200	-200	
7.9.2017	22:16:46	24.60	43.10	14.00	46.00	23.52	101075.13	16.63	937	53	339	957	878	30	47	-200	-200	-200	-200	-200	-200	-200	-200	-200	
