27.04.2017	21:35:07	20.50	51.80	16.00	1014	935

27.04.2017	21:36:19	20.50	52.80	15.94	1014	939

27.04.2017	21:41:20	20.50	53.20	15.88	1017	930

27.04.2017	21:46:21	20.40	52.20	15.75	1018	930

27.04.2017	21:48:41	20.30	52.30	15.75	1016	929

27.04.2017	21:51:55	20.50	51.60	15.69	1016	924

27.04.2017	21:56:57	20.50	52.10	15.69	1018	916

27.04.2017	22:09:00	20.10	52.70	15.44	1016	926

27.04.2017	22:09:37	20.10	53.20	20.00	63.00	15.44	1014	918

27.04.2017	22:09:58	20.20	53.10	20.00	59.00	15.44	1015	918

27.04.2017	22:10:31	20.20	52.80	20.00	58.00	15.38	1014	918

27.04.2017	22:10:33	20.20	52.80	19.00	57.00	15.38	1015	918

27.04.2017	22:10:36	20.20	52.80	19.00	56.00	15.38	1016	919

27.04.2017	22:10:38	20.20	52.80	19.00	56.00	15.38	1016	919

27.04.2017	22:10:40	20.20	52.80	19.00	56.00	15.38	1015	920

27.04.2017	22:10:43	20.20	52.80	19.00	56.00	15.38	1015	919

27.04.2017	22:10:45	20.20	52.80	19.00	56.00	15.38	1015	919

27.04.2017	22:10:47	20.20	52.70	19.00	56.00	15.38	1016	919

27.04.2017	22:10:50	20.20	52.70	19.00	56.00	15.38	1015	919

27.04.2017	22:10:52	20.20	52.70	19.00	56.00	15.38	1015	919

27.04.2017	22:10:55	20.20	52.70	19.00	56.00	15.38	1015	919

27.04.2017	22:10:57	20.20	52.60	19.00	56.00	15.38	1016	919

27.04.2017	22:11:02	20.20	52.60	19.00	56.00	15.38	1014	919

27.04.2017	22:11:04	20.20	52.60	19.00	56.00	15.38	1015	918

27.04.2017	22:11:07	20.20	52.60	19.00	56.00	15.38	1015	918

27.04.2017	22:11:09	20.20	52.60	19.00	56.00	15.44	1015	918

27.04.2017	22:11:11	20.20	52.60	19.00	56.00	15.38	1015	918

27.04.2017	22:11:14	20.20	52.60	19.00	56.00	15.38	1015	919

27.04.2017	22:11:16	20.20	52.60	19.00	56.00	15.44	1015	918

27.04.2017	22:11:18	20.20	52.60	19.00	56.00	15.38	1015	918

27.04.2017	22:11:21	20.20	52.60	19.00	56.00	15.44	1015	918

27.04.2017	22:11:23	20.20	52.60	19.00	56.00	15.38	1015	918

27.04.2017	22:11:25	20.20	52.50	19.00	56.00	15.38	1016	919

27.04.2017	22:11:28	20.20	52.60	19.00	56.00	15.38	1015	918

27.04.2017	22:11:30	20.20	52.60	19.00	56.00	15.38	1015	919

27.04.2017	22:11:32	20.20	52.60	19.00	56.00	15.38	1016	918

27.04.2017	22:11:35	20.20	52.60	19.00	56.00	15.38	1015	919

27.04.2017	22:11:37	20.20	52.60	19.00	59.00	15.38	1015	919

27.04.2017	22:11:40	20.20	52.60	19.00	60.00	15.38	1015	919

27.04.2017	22:11:42	20.20	52.60	19.00	61.00	15.38	1015	918

27.04.2017	22:11:44	20.20	52.60	19.00	63.00	15.38	1015	918

27.04.2017	22:11:47	20.20	52.70	19.00	64.00	15.38	1016	918

27.04.2017	22:11:49	20.30	52.70	20.00	65.00	15.38	1016	918

27.04.2017	22:11:51	20.20	52.60	20.00	64.00	15.38	1015	917

27.04.2017	22:11:54	20.20	52.60	20.00	63.00	15.38	1015	917

27.04.2017	22:11:56	20.30	52.70	20.00	63.00	15.38	1016	919

27.04.2017	22:11:58	20.20	52.60	20.00	63.00	15.38	1015	920

27.04.2017	22:12:01	20.30	52.70	20.00	62.00	15.38	1016	918

27.04.2017	22:12:03	20.30	52.70	20.00	61.00	15.38	1016	919

27.04.2017	22:12:05	20.20	52.60	20.00	61.00	15.38	1015	919

27.04.2017	22:12:08	20.30	52.70	20.00	61.00	15.38	1016	919

27.04.2017	22:12:10	20.30	52.70	20.00	61.00	15.38	1015	920

27.04.2017	22:12:12	20.30	52.70	20.00	60.00	15.38	1016	919

27.04.2017	22:12:15	20.30	52.70	20.00	60.00	15.38	1016	919

27.04.2017	22:12:17	20.30	52.70	20.00	60.00	15.38	1015	918

27.04.2017	22:12:20	20.30	52.70	20.00	60.00	15.38	1016	919

27.04.2017	22:12:22	20.30	52.70	20.00	59.00	15.38	1015	919

27.04.2017	22:12:24	20.30	52.60	20.00	60.00	15.38	1014	919

27.04.2017	22:12:27	20.30	52.70	20.00	63.00	15.38	1016	919

27.04.2017	22:12:29	20.30	52.70	20.00	67.00	15.38	1015	919

27.04.2017	22:12:31	20.30	52.70	21.00	69.00	15.38	1015	919

27.04.2017	22:12:34	20.30	52.70	21.00	73.00	15.38	1015	919

27.04.2017	22:12:36	20.30	52.70	21.00	77.00	15.38	1016	918

27.04.2017	22:12:38	20.30	52.70	21.00	81.00	15.38	1015	918

27.04.2017	22:12:41	20.30	52.70	22.00	82.00	15.38	1016	919

27.04.2017	22:12:43	20.30	52.70	22.00	82.00	15.38	1015	917

27.04.2017	22:12:46	20.30	52.60	22.00	77.00	15.38	1016	885

27.04.2017	22:12:48	20.30	52.60	22.00	73.00	15.38	1015	858

27.04.2017	22:12:50	20.30	52.60	22.00	70.00	15.38	1016	874

27.04.2017	22:12:53	20.30	52.70	23.00	68.00	15.38	1014	857

27.04.2017	22:12:55	20.30	54.20	23.00	67.00	15.38	1015	852

27.04.2017	22:12:57	20.30	55.60	23.00	66.00	15.38	1014	833

27.04.2017	22:13:00	20.30	56.60	23.00	64.00	15.38	1015	829

27.04.2017	22:13:02	20.30	56.70	23.00	63.00	15.44	1015	797

27.04.2017	22:13:04	20.30	56.60	23.00	61.00	15.44	1015	799

27.04.2017	22:13:07	20.20	56.30	23.00	60.00	15.44	1015	821

27.04.2017	22:13:09	20.20	56.20	23.00	59.00	15.44	1015	842

27.04.2017	22:13:11	20.20	56.10	23.00	59.00	15.44	1015	827

27.04.2017	22:13:14	20.10	56.10	23.00	58.00	15.50	1016	833

27.04.2017	22:13:16	20.20	56.20	23.00	58.00	15.50	1015	805

27.04.2017	22:13:19	20.10	55.90	22.00	59.00	15.50	1015	805

27.04.2017	22:13:21	20.10	55.90	22.00	58.00	15.50	1015	805

27.04.2017	22:13:23	20.10	55.90	22.00	58.00	15.56	1016	805

27.04.2017	22:13:26	20.10	56.30	22.00	58.00	15.56	1013	816

27.04.2017	22:13:28	20.10	56.40	22.00	57.00	15.56	1014	833

27.04.2017	22:13:30	20.10	56.50	22.00	57.00	15.56	1015	831

27.04.2017	22:13:33	20.00	56.90	21.00	57.00	15.56	1015	818

27.04.2017	22:13:35	20.00	57.20	21.00	57.00	15.56	1016	819

27.04.2017	22:13:37	20.00	57.20	21.00	57.00	15.63	1016	816

27.04.2017	22:13:40	20.00	57.20	21.00	57.00	15.63	1016	819

27.04.2017	22:13:42	20.00	57.20	21.00	57.00	15.63	1015	817

27.04.2017	22:13:44	20.00	57.30	21.00	57.00	15.63	1016	790

27.04.2017	22:13:47	20.00	57.40	21.00	57.00	15.63	1015	803

27.04.2017	22:13:49	19.90	57.20	21.00	57.00	15.63	1015	786

27.04.2017	22:13:51	20.00	57.30	20.00	58.00	15.63	1016	812

27.04.2017	22:13:54	19.90	57.30	20.00	58.00	15.63	1015	844

27.04.2017	22:13:56	19.90	57.60	20.00	59.00	15.63	1016	827

27.04.2017	22:13:58	19.90	57.70	20.00	59.00	15.63	1016	825

27.04.2017	22:14:01	19.90	57.70	20.00	59.00	15.63	1016	838

27.04.2017	22:14:03	19.90	58.00	20.00	59.00	15.63	1015	827

27.04.2017	22:14:06	19.90	58.10	20.00	59.00	15.69	1016	836

27.04.2017	22:14:08	19.90	58.00	20.00	60.00	15.69	1015	822

27.04.2017	22:14:10	19.90	57.60	19.00	60.00	15.69	1016	808

27.04.2017	22:14:13	19.90	57.60	19.00	60.00	15.69	1015	801

27.04.2017	22:14:15	19.90	57.70	19.00	60.00	15.69	1017	800

27.04.2017	22:14:17	19.80	57.60	19.00	60.00	15.69	1016	801

27.04.2017	22:14:20	19.80	57.50	19.00	60.00	15.69	1016	801

27.04.2017	22:14:22	19.80	57.60	19.00	60.00	15.69	1016	830

27.04.2017	22:14:24	19.80	57.70	19.00	60.00	15.69	1015	816

27.04.2017	22:14:27	19.80	57.70	19.00	60.00	15.69	1017	835

27.04.2017	22:14:29	19.80	57.70	19.00	60.00	15.69	1016	808

27.04.2017	22:14:31	19.70	57.70	19.00	61.00	15.69	1016	817

27.04.2017	22:14:34	19.70	58.00	19.00	61.00	15.69	1015	808

27.04.2017	22:14:36	19.70	58.10	18.00	62.00	15.69	1016	809

27.04.2017	22:14:38	19.70	58.10	18.00	62.00	15.69	1015	835

27.04.2017	22:14:41	19.70	58.10	18.00	62.00	15.69	1015	823

27.04.2017	22:14:43	19.70	58.20	18.00	62.00	15.69	1015	798

27.04.2017	22:14:46	19.70	58.20	18.00	62.00	15.69	1015	811

27.04.2017	22:14:48	19.70	58.50	18.00	62.00	15.69	1014	822

27.04.2017	22:14:50	19.60	58.10	17.00	63.00	15.69	1015	822

27.04.2017	22:14:53	19.60	58.10	17.00	63.00	15.69	1015	800

27.04.2017	22:14:55	19.60	58.10	17.00	63.00	15.69	1015	798

27.04.2017	22:14:57	19.60	58.30	17.00	63.00	15.69	1015	799

27.04.2017	22:15:00	19.60	58.50	17.00	63.00	15.69	1015	829

27.04.2017	22:15:02	19.60	58.20	17.00	64.00	15.69	1016	839

27.04.2017	22:15:04	19.60	58.10	17.00	64.00	15.69	1015	838

27.04.2017	22:15:07	19.60	58.30	17.00	64.00	15.69	1015	839

27.04.2017	22:15:09	19.60	58.30	17.00	64.00	15.69	1015	801

27.04.2017	22:15:12	19.50	58.00	17.00	64.00	15.69	1014	811

27.04.2017	22:15:14	19.50	58.30	17.00	64.00	15.69	1015	778

27.04.2017	22:15:16	19.50	58.50	17.00	64.00	15.69	1015	838

27.04.2017	22:15:19	19.50	58.00	17.00	65.00	15.69	1015	846

27.04.2017	22:15:21	19.50	58.10	17.00	65.00	15.69	1015	847

27.04.2017	22:15:23	19.50	58.60	17.00	65.00	15.69	1015	843

27.04.2017	22:15:26	19.40	58.50	17.00	65.00	15.63	1015	837

27.04.2017	22:15:28	19.40	58.10	16.00	66.00	15.63	1015	837

27.04.2017	22:15:30	19.40	58.00	16.00	67.00	15.63	1015	853

27.04.2017	22:15:33	19.40	58.60	16.00	67.00	15.63	1015	829

27.04.2017	22:15:35	19.40	58.70	16.00	67.00	15.63	1014	823

27.04.2017	22:15:37	19.40	58.70	16.00	67.00	15.63	1015	821

27.04.2017	22:15:40	19.40	58.70	16.00	68.00	15.63	1014	837

27.04.2017	22:15:42	19.40	58.70	16.00	68.00	15.63	1014	836

27.04.2017	22:15:44	19.30	58.60	16.00	68.00	15.63	1015	827

27.04.2017	22:15:47	19.30	58.60	16.00	68.00	15.63	1015	825

27.04.2017	22:15:49	19.30	58.60	16.00	68.00	15.63	1015	828

27.04.2017	22:15:52	19.30	58.60	16.00	68.00	15.56	1015	824

27.04.2017	22:15:54	19.30	58.60	16.00	69.00	15.56	1016	858

27.04.2017	22:15:56	19.30	58.10	16.00	69.00	15.56	1015	860

27.04.2017	22:15:59	19.30	57.60	16.00	69.00	15.56	1015	859

27.04.2017	22:16:01	19.30	57.40	15.00	70.00	15.56	1015	860

27.04.2017	22:16:03	19.30	57.30	15.00	70.00	15.56	1015	860

27.04.2017	22:16:06	19.30	57.10	15.00	70.00	15.50	1015	859

27.04.2017	22:16:08	19.30	56.80	15.00	70.00	15.50	1014	859

27.04.2017	22:16:10	19.30	56.70	15.00	71.00	15.50	1015	859

27.04.2017	22:16:13	19.30	56.60	15.00	71.00	15.50	1015	863

27.04.2017	22:16:15	19.30	56.50	15.00	71.00	15.50	1015	864

27.04.2017	22:16:17	19.30	56.40	15.00	71.00	15.50	1015	859

27.04.2017	22:16:20	19.30	56.40	15.00	71.00	15.50	1015	859

27.04.2017	22:16:22	19.30	56.30	15.00	71.00	15.50	1015	858

27.04.2017	22:16:24	19.30	56.20	15.00	71.00	15.44	1015	862

27.04.2017	22:16:27	19.30	56.00	15.00	71.00	15.44	1015	859

27.04.2017	22:16:29	19.30	56.80	15.00	71.00	15.44	1014	242

27.04.2017	22:16:31	19.40	57.10	15.00	71.00	15.44	1014	168

27.04.2017	22:16:34	19.30	56.70	15.00	72.00	15.44	1014	191

27.04.2017	22:16:36	19.40	56.60	15.00	72.00	15.44	1014	227

27.04.2017	22:16:39	19.40	56.40	15.00	72.00	15.44	1014	281

27.04.2017	22:16:41	19.40	56.20	15.00	72.00	15.44	1015	847

27.04.2017	22:16:43	19.40	56.00	15.00	72.00	15.44	1015	842

27.04.2017	22:16:46	19.40	56.00	15.00	72.00	15.38	1015	276

27.04.2017	22:16:48	19.40	56.40	14.00	73.00	15.38	1014	170

27.04.2017	22:16:50	19.40	56.80	14.00	74.00	15.38	1015	815

27.04.2017	22:16:53	19.40	57.00	14.00	74.00	15.38	1014	867

27.04.2017	22:16:55	19.40	57.10	14.00	74.00	15.38	1015	871

27.04.2017	22:16:57	19.40	57.40	14.00	74.00	15.38	1015	873

27.04.2017	22:17:00	19.40	57.30	14.00	74.00	15.38	1015	873

27.04.2017	22:17:02	19.40	56.80	14.00	74.00	15.38	1014	873

27.04.2017	22:17:04	19.40	56.50	14.00	74.00	15.38	1015	873

27.04.2017	22:17:08	19.40	56.30	14.00	74.00	15.38	1020	872

27.04.2017	22:17:11	19.40	56.00	17.00	77.00	15.38	1016	873

27.04.2017	22:17:13	19.40	56.00	14.00	75.00	15.31	1015	872

27.04.2017	22:17:16	19.40	55.90	14.00	75.00	15.31	1015	872

27.04.2017	22:17:18	19.40	55.80	14.00	75.00	15.31	1015	873

27.04.2017	22:17:20	19.40	55.70	14.00	75.00	15.31	1015	872

27.04.2017	22:17:23	19.40	55.60	14.00	76.00	15.31	1015	873

27.04.2017	22:17:25	19.40	55.50	14.00	76.00	15.31	1015	872

27.04.2017	22:17:27	19.50	55.60	14.00	76.00	15.31	1015	872

27.04.2017	22:17:30	19.50	55.50	14.00	76.00	15.31	1015	872

27.04.2017	22:17:32	19.50	55.40	14.00	76.00	15.25	1015	872

27.04.2017	22:17:35	19.50	55.40	14.00	76.00	15.25	1015	872

27.04.2017	22:17:37	19.50	55.50	14.00	76.00	15.25	1015	872

27.04.2017	22:17:39	19.50	55.30	14.00	76.00	15.25	1015	871

27.04.2017	22:17:42	19.50	55.40	14.00	76.00	15.25	1015	872

27.04.2017	22:17:44	19.50	55.40	14.00	76.00	15.25	1015	872

27.04.2017	22:17:46	19.50	55.50	14.00	77.00	15.25	1015	872

27.04.2017	22:17:49	19.50	55.50	14.00	77.00	15.25	1015	871

27.04.2017	22:17:51	19.50	55.60	14.00	77.00	15.25	1015	871

27.04.2017	22:17:53	19.50	55.50	14.00	77.00	15.19	1015	871

27.04.2017	22:17:56	19.50	55.40	14.00	77.00	15.19	1015	871

27.04.2017	22:17:58	19.50	55.40	14.00	77.00	15.19	1015	870

27.04.2017	22:18:00	19.50	55.40	14.00	78.00	15.19	1015	872

27.04.2017	22:18:03	19.50	55.40	14.00	79.00	15.19	1016	870

27.04.2017	22:18:05	19.50	55.30	14.00	79.00	15.19	1015	872

27.04.2017	22:18:07	19.50	55.30	14.00	79.00	15.19	1015	871

27.04.2017	22:18:10	19.50	55.30	14.00	79.00	15.19	1015	871

27.04.2017	22:18:12	19.60	55.40	14.00	79.00	15.19	1015	871

27.04.2017	22:18:15	19.60	55.40	14.00	79.00	15.19	1015	871

27.04.2017	22:18:17	19.60	55.40	14.00	80.00	15.19	1015	872

27.04.2017	22:18:19	19.60	55.40	14.00	80.00	15.13	1015	872

27.04.2017	22:18:22	19.60	55.40	14.00	80.00	15.13	1014	871

27.04.2017	22:18:24	19.60	55.40	14.00	80.00	15.13	1015	871

27.04.2017	22:18:26	19.60	55.30	14.00	80.00	15.13	1015	872

27.04.2017	22:18:29	19.60	55.30	14.00	80.00	15.13	1015	872

27.04.2017	22:18:31	19.60	55.30	14.00	80.00	15.13	1015	871

27.04.2017	22:18:33	19.60	55.20	14.00	80.00	15.13	1015	871

27.04.2017	22:18:36	19.60	55.20	14.00	80.00	15.13	1015	872

27.04.2017	22:18:38	19.60	55.20	14.00	80.00	15.13	1014	871

27.04.2017	22:18:40	19.60	55.20	14.00	80.00	15.13	1015	871

27.04.2017	22:18:43	19.60	55.20	14.00	80.00	15.13	1015	872

27.04.2017	22:18:45	19.60	55.20	14.00	80.00	15.13	1015	871

27.04.2017	22:18:48	19.70	55.20	14.00	80.00	15.13	1015	871

27.04.2017	22:18:50	19.60	55.10	14.00	81.00	15.13	1015	870

27.04.2017	22:18:52	19.60	55.10	14.00	81.00	15.06	1014	871

27.04.2017	22:18:55	19.60	55.00	14.00	81.00	15.13	1015	870

27.04.2017	22:18:57	19.70	55.00	14.00	81.00	15.06	1015	870

27.04.2017	22:18:59	19.60	54.90	14.00	81.00	15.06	1014	872

27.04.2017	22:19:02	19.60	54.80	14.00	81.00	15.06	1015	873

27.04.2017	22:19:04	19.70	54.90	14.00	81.00	15.06	1015	871

27.04.2017	22:19:06	19.70	54.80	14.00	81.00	15.06	1014	871

27.04.2017	22:19:09	19.70	54.80	14.00	81.00	15.06	1015	871

27.04.2017	22:19:11	19.70	54.70	14.00	81.00	15.06	1015	870

27.04.2017	22:19:13	19.70	54.70	14.00	83.00	15.06	1015	872

27.04.2017	22:19:16	19.70	54.70	14.00	83.00	15.06	1015	871

27.04.2017	22:19:18	19.70	54.70	14.00	83.00	15.06	1015	872

27.04.2017	22:19:20	19.70	54.60	14.00	83.00	15.00	1015	871

27.04.2017	22:19:23	19.70	54.70	14.00	83.00	15.00	1015	872

27.04.2017	22:19:25	19.70	54.70	14.00	83.00	15.00	1015	872

27.04.2017	22:19:28	19.70	54.70	14.00	83.00	15.00	1015	871

27.04.2017	22:19:30	19.70	54.70	14.00	83.00	15.00	1015	872

27.04.2017	22:19:32	19.80	54.70	14.00	83.00	15.00	1014	872

27.04.2017	22:19:35	19.80	54.70	14.00	83.00	15.00	1015	871

27.04.2017	22:19:37	19.80	54.60	14.00	83.00	15.00	1014	871

27.04.2017	22:19:39	19.80	54.60	14.00	83.00	15.00	1014	871

27.04.2017	22:19:42	19.80	54.60	14.00	83.00	15.00	1014	871

27.04.2017	22:19:44	19.80	54.60	14.00	83.00	15.00	1014	870

27.04.2017	22:19:47	19.80	54.60	14.00	83.00	15.00	1014	872

27.04.2017	22:19:49	19.80	54.60	14.00	83.00	15.00	1014	869

27.04.2017	22:19:51	19.80	54.60	14.00	83.00	15.00	1015	436

27.04.2017	22:19:54	19.80	55.00	14.00	83.00	15.00	1014	330

27.04.2017	22:19:56	19.80	55.50	13.00	83.00	15.00	1014	860

27.04.2017	22:19:58	19.80	55.70	14.00	84.00	15.00	1015	868

27.04.2017	22:20:01	19.80	55.90	14.00	84.00	15.00	1015	870

27.04.2017	22:20:03	19.80	55.90	14.00	84.00	15.00	1015	870

27.04.2017	22:20:05	19.80	55.70	14.00	84.00	15.00	1015	872

27.04.2017	22:20:08	19.80	55.60	13.00	85.00	15.00	1015	871

27.04.2017	22:20:10	19.80	55.80	14.00	85.00	15.00	1015	856

27.04.2017	22:20:12	19.80	56.00	13.00	85.00	15.00	1014	172

27.04.2017	22:20:15	19.80	56.10	14.00	85.00	15.00	1014	171

27.04.2017	22:20:17	19.80	56.00	14.00	85.00	15.00	1015	172

27.04.2017	22:20:19	19.80	56.00	14.00	85.00	15.00	1014	173

27.04.2017	22:20:22	19.80	55.90	14.00	85.00	15.00	1015	171

27.04.2017	22:20:24	19.80	55.70	13.00	85.00	15.00	1014	171

27.04.2017	22:20:27	19.80	55.80	14.00	85.00	15.00	993	170

27.04.2017	22:20:29	19.80	56.00	14.00	85.00	15.06	1015	171

27.04.2017	22:20:31	19.80	56.60	14.00	85.00	15.06	1015	170

27.04.2017	22:20:34	19.80	56.60	14.00	85.00	15.06	1013	170

27.04.2017	22:20:36	19.80	56.30	14.00	85.00	15.06	1015	170

27.04.2017	22:20:38	19.80	56.00	14.00	85.00	15.06	1014	173

27.04.2017	22:20:41	19.80	55.90	14.00	85.00	15.13	1014	172

27.04.2017	22:20:43	19.70	55.80	14.00	85.00	15.13	1000	172

27.04.2017	22:20:45	19.70	55.80	14.00	85.00	15.13	1008	172

27.04.2017	22:20:48	19.70	55.70	14.00	85.00	15.13	945	170

27.04.2017	22:20:50	19.70	55.60	14.00	85.00	15.13	655	170

27.04.2017	22:20:52	19.70	55.50	14.00	85.00	15.13	1012	171

27.04.2017	22:20:55	19.70	55.50	14.00	85.00	15.13	1012	245

27.04.2017	22:20:57	19.70	55.30	14.00	85.00	15.13	1013	239

27.04.2017	22:21:00	19.70	55.20	14.00	85.00	15.13	1013	248

27.04.2017	22:21:02	19.70	55.20	14.00	85.00	15.13	1014	248

27.04.2017	22:21:04	19.70	55.10	14.00	85.00	15.13	1014	249

27.04.2017	22:21:07	19.70	55.10	14.00	85.00	15.13	1014	239

27.04.2017	22:21:09	19.70	55.10	14.00	85.00	15.13	1015	304

27.04.2017	22:21:11	19.70	55.20	14.00	85.00	15.13	1015	863

27.04.2017	22:21:14	19.70	55.40	14.00	85.00	15.19	1014	871

27.04.2017	22:21:16	19.70	55.60	14.00	85.00	15.19	1014	873

27.04.2017	22:21:18	19.70	55.80	14.00	85.00	15.19	1015	873

27.04.2017	22:21:21	19.70	56.00	14.00	85.00	15.19	1015	873

27.04.2017	22:21:23	19.70	56.40	14.00	85.00	15.19	1015	873

27.04.2017	22:21:25	19.70	56.40	14.00	85.00	15.19	1015	873

27.04.2017	22:21:28	19.70	56.10	14.00	85.00	15.19	1016	873

27.04.2017	22:21:30	19.70	55.90	14.00	85.00	15.19	1014	873

27.04.2017	22:21:32	19.70	55.70	14.00	85.00	15.19	1015	873

27.04.2017	22:21:35	19.70	55.60	14.00	86.00	15.19	1014	874

27.04.2017	22:21:37	19.60	55.40	14.00	86.00	15.19	1015	872

27.04.2017	22:21:40	19.70	55.40	14.00	85.00	15.19	1015	872

27.04.2017	22:21:42	19.70	55.30	14.00	86.00	15.19	1015	871

27.04.2017	22:21:44	19.70	55.30	14.00	85.00	15.19	1015	872

27.04.2017	22:21:47	19.70	55.20	14.00	85.00	15.19	1015	872

27.04.2017	22:21:49	19.70	55.30	14.00	85.00	15.19	1015	873

27.04.2017	22:21:51	19.70	55.20	14.00	86.00	15.19	1015	873

27.04.2017	22:21:54	19.70	55.20	14.00	86.00	15.19	1015	872

27.04.2017	22:21:56	19.70	55.20	14.00	86.00	15.19	1015	873

27.04.2017	22:21:58	19.70	55.10	14.00	85.00	15.19	1015	873

27.04.2017	22:22:01	19.70	55.10	14.00	86.00	15.13	1015	872

27.04.2017	22:22:03	19.70	55.10	14.00	85.00	15.13	1014	872

27.04.2017	22:22:06	19.70	55.10	14.00	85.00	15.13	1015	871

27.04.2017	22:22:08	19.70	55.10	14.00	85.00	15.13	1015	871

27.04.2017	22:22:10	19.70	55.10	14.00	86.00	15.13	1014	871

27.04.2017	22:22:13	19.70	55.10	14.00	85.00	15.13	1012	871

27.04.2017	22:22:15	19.70	55.10	14.00	86.00	15.13	1013	871

27.04.2017	22:22:17	19.70	55.10	14.00	86.00	15.13	1012	872

27.04.2017	22:22:20	19.70	55.10	14.00	86.00	15.13	1011	872

27.04.2017	22:22:22	19.70	55.00	14.00	86.00	15.13	1012	872

27.04.2017	22:22:24	19.70	55.00	14.00	86.00	15.13	1012	873

27.04.2017	22:22:27	19.70	55.00	14.00	86.00	15.13	1011	873

27.04.2017	22:22:29	19.70	54.90	14.00	86.00	15.13	1012	871

27.04.2017	22:22:31	19.70	54.90	14.00	86.00	15.13	1011	872

27.04.2017	22:22:34	19.70	55.00	13.00	86.00	15.13	1013	872

27.04.2017	22:22:36	19.70	55.00	14.00	86.00	15.13	1012	872

27.04.2017	22:22:38	19.70	55.10	14.00	86.00	15.13	1013	872

27.04.2017	22:22:41	19.70	55.00	14.00	86.00	15.06	1013	872

27.04.2017	22:22:43	19.70	55.10	14.00	86.00	15.13	1013	872

27.04.2017	22:22:45	19.70	55.10	14.00	86.00	15.06	1014	872

27.04.2017	22:22:48	19.70	55.10	14.00	86.00	15.13	1014	872

27.04.2017	22:22:50	19.70	55.10	13.00	86.00	15.06	1014	871

27.04.2017	22:22:53	19.70	55.20	14.00	86.00	15.06	1013	871

27.04.2017	22:22:55	19.70	55.20	14.00	86.00	15.06	1013	872

27.04.2017	22:22:57	19.70	55.10	14.00	86.00	15.06	1014	872

27.04.2017	22:23:00	19.80	55.20	13.00	86.00	15.06	1013	872

27.04.2017	22:23:02	19.80	55.20	14.00	86.00	15.06	1013	873

27.04.2017	22:23:04	19.80	55.10	13.00	86.00	15.06	1013	872

27.04.2017	22:23:07	19.80	55.10	14.00	86.00	15.06	1013	872

27.04.2017	22:23:09	19.80	55.10	14.00	86.00	15.06	1013	872

27.04.2017	22:23:11	19.80	55.00	13.00	86.00	15.06	1013	872

27.04.2017	22:23:14	19.70	54.90	14.00	86.00	15.06	1013	872

27.04.2017	22:23:16	19.80	55.00	13.00	86.00	15.06	1013	872

27.04.2017	22:23:18	19.70	54.80	14.00	86.00	15.06	1014	873

27.04.2017	22:23:21	19.80	54.80	13.00	86.00	15.06	1012	871

27.04.2017	22:23:23	19.80	54.80	14.00	86.00	15.06	1013	873

27.04.2017	22:23:25	19.80	54.70	14.00	86.00	15.06	1013	872

27.04.2017	22:23:28	19.80	54.60	13.00	86.00	15.06	1013	872

27.04.2017	22:23:30	19.80	54.60	14.00	86.00	15.06	1013	872

27.04.2017	22:23:33	19.80	54.60	14.00	86.00	15.06	1013	872

27.04.2017	22:23:35	19.80	54.60	14.00	86.00	15.06	1013	871

27.04.2017	22:23:37	19.80	54.60	14.00	86.00	15.06	1013	873

27.04.2017	22:23:40	19.80	54.60	13.00	86.00	15.06	1013	871

27.04.2017	22:23:42	19.80	54.60	13.00	86.00	15.06	1013	873

27.04.2017	22:23:44	19.80	54.60	13.00	86.00	15.06	1014	872

27.04.2017	22:23:47	19.80	54.60	13.00	86.00	15.06	1014	872

27.04.2017	22:23:49	19.80	54.60	14.00	86.00	15.06	1014	872

27.04.2017	22:23:51	19.80	54.60	13.00	86.00	15.06	1013	334

27.04.2017	22:23:54	19.80	54.70	13.00	86.00	15.06	1003	380

27.04.2017	22:23:56	19.80	55.10	14.00	86.00	15.06	1001	245

27.04.2017	22:23:58	19.80	55.30	13.00	86.00	15.06	1001	276

27.04.2017	22:24:01	19.80	55.40	14.00	86.00	15.06	1004	523

27.04.2017	22:24:03	19.80	55.50	13.00	86.00	15.06	1006	866

27.04.2017	22:24:05	19.80	55.60	13.00	86.00	15.06	1008	869

27.04.2017	22:24:08	19.80	55.80	14.00	86.00	15.06	1007	871

27.04.2017	22:24:10	19.80	55.90	13.00	86.00	15.06	1009	872

27.04.2017	22:24:13	19.80	55.70	13.00	86.00	15.00	1009	871

27.04.2017	22:24:15	19.80	55.50	13.00	86.00	15.06	1009	873

27.04.2017	22:24:17	19.80	55.40	13.00	86.00	15.06	1010	873

27.04.2017	22:24:20	19.80	55.30	13.00	86.00	15.00	1011	873

27.04.2017	22:24:22	19.80	55.20	14.00	86.00	15.00	1010	872

27.04.2017	22:24:24	19.80	55.20	13.00	86.00	15.06	1012	872

27.04.2017	22:24:27	19.80	55.10	13.00	86.00	15.06	1011	873

27.04.2017	22:24:29	19.80	55.00	13.00	86.00	15.00	1012	873

27.04.2017	22:24:31	19.80	55.00	14.00	86.00	15.06	1012	872

27.04.2017	22:24:34	19.80	54.90	14.00	86.00	15.06	1013	872

27.04.2017	22:24:36	19.80	54.90	13.00	86.00	15.06	1012	873

27.04.2017	22:24:39	19.80	54.90	13.00	86.00	15.06	1012	872

27.04.2017	22:24:41	19.80	54.80	13.00	86.00	15.06	1013	873

27.04.2017	22:24:43	19.80	54.80	13.00	86.00	15.06	1013	873

27.04.2017	22:24:46	19.80	54.80	13.00	86.00	15.06	1014	872

27.04.2017	22:24:48	19.80	54.80	13.00	86.00	15.06	1013	872

27.04.2017	22:24:50	19.80	54.70	13.00	86.00	15.00	1014	872

27.04.2017	22:24:53	19.80	54.70	13.00	86.00	15.00	1014	872

27.04.2017	22:24:55	19.80	54.60	14.00	86.00	15.06	1014	872

27.04.2017	22:24:57	19.80	54.60	13.00	86.00	15.06	1015	872

27.04.2017	22:25:00	19.80	54.60	14.00	86.00	15.06	1014	873

27.04.2017	22:25:02	19.80	54.60	13.00	86.00	15.00	1015	872

27.04.2017	22:25:04	19.80	54.60	13.00	86.00	15.00	1014	872

27.04.2017	22:25:07	19.80	54.60	13.00	86.00	15.00	1014	871

27.04.2017	22:25:09	19.80	54.60	13.00	86.00	15.00	1011	869

27.04.2017	22:25:11	19.80	54.90	13.00	86.00	15.00	1012	870

27.04.2017	22:25:14	19.80	55.00	13.00	86.00	15.00	1014	869

27.04.2017	22:25:16	19.80	55.00	13.00	86.00	15.00	1015	870

27.04.2017	22:25:19	19.80	55.00	14.00	86.00	15.00	1013	870

27.04.2017	22:25:21	19.80	54.90	14.00	86.00	15.00	779	871

27.04.2017	22:25:23	19.80	54.90	13.00	86.00	15.00	776	871

27.04.2017	22:25:26	19.90	55.00	13.00	86.00	15.06	782	871

27.04.2017	22:25:28	19.80	54.80	14.00	86.00	15.00	801	871

27.04.2017	22:25:30	19.90	54.80	13.00	86.00	15.06	821	872

27.04.2017	22:25:33	19.90	54.70	13.00	86.00	15.00	847	871

27.04.2017	22:25:35	19.90	54.70	14.00	86.00	15.00	873	871

27.04.2017	22:25:37	19.90	54.70	13.00	86.00	15.00	905	872

27.04.2017	22:25:40	19.90	54.70	13.00	86.00	15.06	926	871

27.04.2017	22:25:42	19.90	54.70	13.00	86.00	15.00	937	871

27.04.2017	22:25:44	19.90	54.70	13.00	86.00	15.00	943	871

27.04.2017	22:25:47	19.90	54.70	13.00	86.00	15.06	947	871

27.04.2017	22:25:49	19.90	54.70	13.00	86.00	15.06	949	870

27.04.2017	22:25:52	19.90	54.70	14.00	86.00	15.00	951	871

27.04.2017	22:25:54	19.90	54.70	13.00	86.00	15.00	953	871

27.04.2017	22:25:56	19.90	54.70	13.00	86.00	15.00	954	870

27.04.2017	22:25:59	19.90	54.70	13.00	86.00	15.00	953	869

27.04.2017	22:26:01	19.90	55.80	13.00	86.00	15.00	955	868

27.04.2017	22:26:03	19.90	56.70	13.00	86.00	15.00	954	868

27.04.2017	22:26:06	20.00	57.30	13.00	86.00	15.06	956	869

27.04.2017	22:26:08	19.90	57.10	13.00	86.00	15.00	956	870

27.04.2017	22:26:10	19.90	56.90	13.00	86.00	15.06	958	869

27.04.2017	22:26:13	20.00	56.60	13.00	86.00	15.00	960	869

27.04.2017	22:26:15	20.00	56.10	13.00	86.00	15.00	961	869

27.04.2017	22:26:17	20.00	55.70	13.00	86.00	15.06	962	869

27.04.2017	22:26:20	20.00	55.40	13.00	86.00	15.00	961	869

27.04.2017	22:26:22	20.00	55.20	13.00	86.00	15.00	962	869

27.04.2017	22:26:24	20.00	55.10	13.00	86.00	15.00	962	869

27.04.2017	22:26:27	20.00	54.80	13.00	86.00	15.06	963	869

27.04.2017	22:26:29	20.00	54.70	13.00	86.00	15.06	964	870

27.04.2017	22:26:32	20.00	54.70	13.00	86.00	15.06	966	869

27.04.2017	22:26:34	20.00	54.70	13.00	86.00	15.06	965	868

27.04.2017	22:26:36	20.00	54.70	14.00	86.00	15.06	966	869

27.04.2017	22:26:39	20.00	54.70	13.00	86.00	15.06	966	869

27.04.2017	22:26:41	20.00	54.60	13.00	86.00	15.06	968	870

27.04.2017	22:26:43	20.00	54.60	13.00	86.00	15.06	969	870

27.04.2017	22:26:46	20.00	54.50	13.00	86.00	15.06	969	869

27.04.2017	22:26:48	20.00	54.50	13.00	86.00	15.06	969	870

27.04.2017	22:26:51	20.00	54.50	13.00	86.00	15.06	968	869

27.04.2017	22:26:53	20.00	54.40	13.00	86.00	15.06	970	869

27.04.2017	22:26:55	20.00	54.40	13.00	86.00	15.06	971	869

27.04.2017	22:26:58	20.00	54.40	13.00	86.00	15.06	972	869

27.04.2017	22:27:00	20.00	54.40	13.00	86.00	15.06	972	869

27.04.2017	22:27:02	20.00	54.40	13.00	86.00	15.06	973	870

27.04.2017	22:27:05	20.00	54.30	13.00	86.00	15.06	973	869

27.04.2017	22:27:07	20.00	54.30	13.00	86.00	15.06	974	869

27.04.2017	22:27:09	20.00	54.30	13.00	86.00	15.06	974	869

27.04.2017	22:27:12	20.00	54.30	13.00	86.00	15.06	975	868

27.04.2017	22:27:14	20.10	54.40	13.00	86.00	15.06	976	868

27.04.2017	22:27:16	20.00	54.30	13.00	86.00	15.06	977	869

27.04.2017	22:27:19	20.00	54.30	13.00	86.00	15.06	977	869

27.04.2017	22:27:21	20.00	54.30	13.00	86.00	15.06	977	868

27.04.2017	22:27:24	20.10	54.30	13.00	86.00	15.06	978	867

27.04.2017	22:27:26	20.10	54.30	13.00	86.00	15.06	978	868

27.04.2017	22:27:28	20.00	54.20	13.00	86.00	15.06	977	868

27.04.2017	22:27:31	20.00	54.20	13.00	86.00	15.06	979	868

27.04.2017	22:27:33	20.00	54.20	13.00	86.00	15.06	974	868

27.04.2017	22:27:35	20.10	54.30	13.00	86.00	15.06	971	868

27.04.2017	22:27:38	20.10	54.20	13.00	86.00	15.06	971	868

27.04.2017	22:27:40	20.00	54.10	13.00	86.00	15.06	971	868

27.04.2017	22:27:42	20.00	54.10	13.00	86.00	15.06	971	870

27.04.2017	22:27:45	20.00	54.10	13.00	86.00	15.06	972	868

27.04.2017	22:27:47	20.00	54.10	13.00	86.00	15.06	974	868

27.04.2017	22:27:49	20.10	54.20	13.00	86.00	15.06	974	868

27.04.2017	22:27:52	20.10	54.20	13.00	86.00	15.06	974	868

27.04.2017	22:27:54	20.00	54.00	13.00	86.00	15.06	974	868

27.04.2017	22:27:56	20.10	54.10	13.00	86.00	15.06	974	869

27.04.2017	22:27:59	20.00	54.10	13.00	86.00	15.06	975	868

27.04.2017	22:28:01	20.10	54.10	13.00	86.00	15.06	976	869

27.04.2017	22:28:04	20.00	54.00	13.00	86.00	15.06	975	869

27.04.2017	22:28:06	20.00	54.00	13.00	86.00	15.06	975	868

27.04.2017	22:28:08	20.00	54.00	13.00	86.00	15.06	976	869

27.04.2017	22:28:11	20.10	54.10	13.00	86.00	15.06	976	868

27.04.2017	22:28:13	20.00	54.00	13.00	86.00	15.06	976	868

27.04.2017	22:28:15	20.10	54.10	13.00	86.00	15.06	977	870

27.04.2017	22:28:18	20.10	54.00	13.00	86.00	15.06	977	869

27.04.2017	22:28:20	20.10	54.00	13.00	86.00	15.06	977	869

27.04.2017	22:28:22	20.10	54.00	13.00	86.00	15.06	977	868

27.04.2017	22:28:25	20.10	54.00	13.00	86.00	15.06	978	869

27.04.2017	22:28:27	20.10	54.00	13.00	86.00	15.06	977	869

27.04.2017	22:28:29	20.10	54.10	13.00	86.00	15.06	978	869

27.04.2017	22:28:32	20.10	54.10	13.00	86.00	15.06	978	869

27.04.2017	22:28:34	20.10	54.10	13.00	86.00	15.06	978	869

27.04.2017	22:28:37	20.10	54.10	13.00	86.00	15.06	979	869

27.04.2017	22:28:39	20.10	54.10	13.00	86.00	15.06	979	870

27.04.2017	22:28:41	20.10	54.10	13.00	86.00	15.06	979	869

27.04.2017	22:28:44	20.10	54.10	13.00	86.00	15.06	979	868

27.04.2017	22:28:46	20.10	54.10	13.00	86.00	15.06	978	869

27.04.2017	22:28:48	20.10	54.10	13.00	86.00	15.06	979	869

27.04.2017	22:28:51	20.10	54.10	13.00	86.00	15.06	979	870

27.04.2017	22:28:53	20.10	54.10	13.00	86.00	15.06	980	869

27.04.2017	22:28:56	20.10	54.10	13.00	86.00	15.06	981	869

27.04.2017	22:28:58	20.10	54.10	13.00	86.00	15.06	980	869

27.04.2017	22:29:00	20.10	54.10	13.00	86.00	15.06	980	869

27.04.2017	22:29:03	20.10	54.00	13.00	86.00	15.06	981	869

27.04.2017	22:29:05	20.10	54.10	13.00	86.00	15.06	981	869

27.04.2017	22:29:07	20.10	54.00	13.00	86.00	15.06	981	869

27.04.2017	22:29:10	20.10	54.10	13.00	86.00	15.06	981	868

27.04.2017	22:29:12	20.10	54.10	13.00	86.00	15.06	981	869

27.04.2017	22:29:14	20.10	54.10	13.00	86.00	15.06	981	869

27.04.2017	22:29:17	20.10	54.10	13.00	86.00	15.06	982	869

27.04.2017	22:29:19	20.10	54.10	13.00	86.00	15.06	982	870

27.04.2017	22:29:21	20.10	54.10	13.00	86.00	15.06	982	869

27.04.2017	22:29:24	20.10	54.10	13.00	86.00	15.06	981	869

27.04.2017	22:29:26	20.10	54.10	13.00	86.00	15.06	981	868

27.04.2017	22:29:28	20.10	54.10	13.00	86.00	15.06	981	869

27.04.2017	22:29:31	20.10	54.20	14.00	86.00	15.00	982	869

27.04.2017	22:29:33	20.10	54.20	13.00	86.00	15.06	982	868

27.04.2017	22:29:36	20.10	54.20	13.00	86.00	15.00	982	869

27.04.2017	22:29:38	20.10	54.10	13.00	86.00	15.00	982	869

27.04.2017	22:29:40	20.10	54.10	13.00	86.00	15.06	982	869

27.04.2017	22:29:43	20.10	54.10	13.00	86.00	15.00	982	869

27.04.2017	22:29:45	20.10	54.10	13.00	86.00	15.06	982	869

27.04.2017	22:29:47	20.10	54.10	13.00	86.00	15.00	983	868

27.04.2017	22:29:50	20.10	54.10	13.00	86.00	15.00	983	868

27.04.2017	22:29:52	20.10	54.10	13.00	86.00	15.06	983	868

27.04.2017	22:29:54	20.10	54.10	13.00	86.00	15.06	983	869

27.04.2017	22:29:57	20.10	54.10	14.00	86.00	15.06	983	868

27.04.2017	22:29:59	20.10	54.10	13.00	86.00	15.06	983	867

27.04.2017	22:30:01	20.10	54.10	13.00	86.00	15.06	983	869

27.04.2017	22:30:04	20.10	54.10	13.00	86.00	15.06	984	868

27.04.2017	22:30:06	20.10	54.10	13.00	86.00	15.06	983	868

27.04.2017	22:30:08	20.10	54.10	13.00	86.00	15.06	984	868

27.04.2017	22:30:11	20.10	54.00	13.00	86.00	15.06	983	869

27.04.2017	22:30:13	20.10	54.00	13.00	86.00	15.06	984	869

27.04.2017	22:30:16	20.10	54.00	13.00	86.00	15.06	983	870

27.04.2017	22:30:18	20.10	54.00	13.00	86.00	15.06	984	869

27.04.2017	22:30:20	20.10	54.00	13.00	86.00	15.06	983	869

27.04.2017	22:30:23	20.10	54.00	13.00	86.00	15.06	985	868

27.04.2017	22:30:25	20.10	54.10	13.00	86.00	15.06	984	869

27.04.2017	22:30:27	20.10	54.00	13.00	86.00	15.06	984	869

27.04.2017	22:30:30	20.10	54.00	13.00	86.00	15.06	984	868

27.04.2017	22:30:32	20.10	54.00	13.00	86.00	15.06	984	868

27.04.2017	22:30:34	20.10	54.00	13.00	86.00	15.06	985	869

27.04.2017	22:30:37	20.10	54.00	13.00	86.00	15.06	985	869

27.04.2017	22:30:39	20.10	54.00	13.00	86.00	15.06	984	868

27.04.2017	22:30:41	20.10	54.00	13.00	86.00	15.06	986	869

27.04.2017	22:30:44	20.10	54.00	13.00	86.00	15.06	984	868

27.04.2017	22:30:46	20.10	53.90	13.00	86.00	15.06	985	869

27.04.2017	22:30:49	20.10	53.90	13.00	86.00	15.06	985	869

27.04.2017	22:30:51	20.10	53.90	13.00	86.00	15.06	986	868

27.04.2017	22:30:53	20.10	53.90	13.00	86.00	15.06	985	868

27.04.2017	22:30:56	20.10	53.90	13.00	86.00	15.06	985	869

27.04.2017	22:30:58	20.10	53.90	13.00	86.00	15.06	985	868

27.04.2017	22:31:00	20.10	53.90	14.00	86.00	15.06	985	868

27.04.2017	22:31:03	20.10	53.90	13.00	86.00	15.06	986	869

27.04.2017	22:31:05	20.10	53.90	13.00	86.00	15.06	986	869

27.04.2017	22:31:07	20.10	53.90	13.00	86.00	15.06	986	868

27.04.2017	22:31:10	20.10	53.90	13.00	86.00	15.06	986	869

27.04.2017	22:31:12	20.10	53.90	13.00	86.00	15.06	986	869

27.04.2017	22:31:15	20.10	53.90	13.00	86.00	15.06	987	869

27.04.2017	22:31:17	20.10	53.90	14.00	86.00	15.06	986	868

27.04.2017	22:31:19	20.10	53.90	13.00	86.00	15.06	987	868

27.04.2017	22:31:22	20.10	53.90	14.00	86.00	15.06	986	868

27.04.2017	22:31:24	20.10	53.90	13.00	86.00	15.06	986	869

27.04.2017	22:31:26	20.10	53.90	14.00	86.00	15.06	987	868

27.04.2017	22:31:29	20.10	53.90	13.00	86.00	15.06	987	869

27.04.2017	22:31:31	20.10	53.90	14.00	86.00	15.06	987	868

27.04.2017	22:31:33	20.10	53.90	14.00	86.00	15.06	987	869

27.04.2017	22:31:36	20.10	53.80	13.00	86.00	15.06	988	869

27.04.2017	22:31:38	20.10	53.80	13.00	86.00	15.06	987	869

27.04.2017	22:31:40	20.10	53.80	14.00	86.00	15.06	988	869

27.04.2017	22:31:43	20.10	53.80	13.00	86.00	15.06	988	869

27.04.2017	22:31:45	20.10	53.80	14.00	86.00	15.06	988	868

27.04.2017	22:31:47	20.10	53.80	13.00	86.00	15.06	989	869

27.04.2017	22:31:50	20.10	53.80	13.00	86.00	15.06	989	869

27.04.2017	22:31:52	20.10	53.80	13.00	86.00	15.06	989	868

