04.05.2017	22:53:52	19.10	51.00	14.00	81.00	15.16	101276.03	13.13	981	744	29

04.05.2017	22:54:15	18.90	52.20	14.00	81.00	15.09	101279.74	13.06	991	743	22

04.05.2017	22:55:24	18.90	51.80	14.00	80.00	15.22	101288.97	13.00	1003	750	15

04.05.2017	23:00:26	18.60	51.80	14.00	80.00	15.18	101304.12	12.81	1006	752	13

04.05.2017	23:05:27	18.00	53.90	12.00	78.00	15.06	101312.47	12.69	1006	752	13

04.05.2017	23:10:28	18.70	53.30	12.00	78.00	15.14	101309.76	12.75	1006	752	13

04.05.2017	23:15:29	19.10	52.80	12.00	78.00	15.18	101322.35	12.75	1006	754	13

04.05.2017	23:20:31	19.30	52.20	12.00	77.00	15.13	101321.33	12.81	1006	753	13

04.05.2017	23:25:32	19.40	51.80	12.00	77.00	15.16	101327.23	12.88	1006	754	13

04.05.2017	23:30:33	19.50	51.80	12.00	77.00	15.26	101331.23	12.88	1006	754	13

04.05.2017	23:35:34	19.50	51.70	12.00	77.00	15.33	101318.74	13.06	1005	756	13

04.05.2017	23:40:35	19.60	51.40	12.00	78.00	15.40	101313.22	13.00	1006	757	13

04.05.2017	23:45:37	19.60	51.40	12.00	77.00	15.40	101301.31	12.94	1005	757	13

04.05.2017	23:50:38	19.60	51.40	12.00	78.00	15.48	101290.64	13.31	1005	757	14

04.05.2017	23:55:39	19.60	51.30	12.00	80.00	15.65	101302.16	13.63	1006	759	13

05.05.2017	00:00:40	19.50	51.20	13.00	77.00	15.59	101312.90	13.31	1006	760	13

05.05.2017	00:05:42	19.60	51.30	13.00	80.00	15.32	101281.38	12.94	1005	760	14

05.05.2017	00:10:43	19.60	51.20	12.00	84.00	15.21	101270.69	12.88	1005	760	14

05.05.2017	00:15:44	19.50	51.10	12.00	86.00	15.13	101278.62	13.00	1005	760	14

05.05.2017	00:20:45	19.60	51.20	12.00	86.00	15.17	101285.18	12.88	1005	761	14

05.05.2017	00:25:47	19.60	51.20	12.00	86.00	15.28	101287.88	13.06	1005	761	14

05.05.2017	00:30:48	19.60	51.30	12.00	86.00	15.29	101289.19	12.94	1005	762	14

05.05.2017	00:35:49	19.60	51.30	12.00	87.00	15.27	101275.13	12.88	1005	759	14

05.05.2017	00:40:50	19.60	51.20	12.00	86.00	15.25	101251.82	13.25	1005	763	14

05.05.2017	00:45:52	19.60	51.20	12.00	86.00	15.25	101239.92	13.38	1005	764	14

05.05.2017	00:50:53	19.60	51.20	12.00	82.00	15.21	101249.98	13.13	1006	764	15

05.05.2017	00:55:54	19.60	51.20	12.00	84.00	14.85	101247.25	12.81	1005	747	15

05.05.2017	01:00:55	19.60	51.20	12.00	84.00	14.89	101229.06	12.75	1005	765	14

05.05.2017	01:05:57	19.60	51.20	11.00	84.00	15.00	101220.97	13.06	1005	765	15

05.05.2017	01:10:58	19.50	51.10	12.00	81.00	15.13	101223.85	13.25	1005	766	14

05.05.2017	01:15:59	19.60	51.20	12.00	75.00	14.94	101227.28	12.88	1005	765	15

05.05.2017	01:21:00	19.60	51.20	12.00	77.00	14.94	101238.70	12.75	1005	767	15

05.05.2017	01:26:01	19.50	51.10	12.00	78.00	15.07	101232.95	12.81	1005	766	15

05.05.2017	01:31:03	19.50	51.10	12.00	81.00	15.08	101249.25	12.81	1005	768	14

05.05.2017	01:36:04	19.50	51.10	12.00	81.00	15.10	101256.77	12.88	1005	767	15

05.05.2017	01:41:05	19.50	51.10	12.00	78.00	15.15	101266.24	12.81	1005	767	14

05.05.2017	01:46:06	19.50	51.20	12.00	78.00	15.15	101266.58	12.81	1005	769	15

05.05.2017	01:51:08	19.50	51.10	12.00	80.00	14.98	101253.71	12.69	1005	769	14

05.05.2017	01:56:09	19.60	51.30	12.00	80.00	15.05	101247.59	12.75	1005	769	14

05.05.2017	02:01:10	19.60	51.20	12.00	82.00	15.05	101241.88	12.75	1005	770	14

05.05.2017	02:06:11	19.50	51.20	12.00	82.00	14.96	101235.63	12.69	1005	769	14

05.05.2017	02:11:13	19.50	51.10	12.00	81.00	14.96	101233.66	12.69	1006	765	14

05.05.2017	02:16:14	19.50	51.20	12.00	81.00	15.00	101231.73	12.75	1005	770	14

05.05.2017	02:21:15	19.50	51.10	12.00	80.00	15.05	101237.64	12.81	1005	769	14

05.05.2017	02:26:16	19.50	51.20	12.00	80.00	15.07	101240.76	12.81	1005	770	13

05.05.2017	02:31:18	19.50	51.20	12.00	81.00	15.14	101236.26	13.19	1005	771	13

05.05.2017	02:36:19	19.50	51.10	12.00	77.00	15.25	101252.13	13.25	1005	771	13

05.05.2017	02:41:20	19.50	51.10	12.00	76.00	15.27	101251.65	13.06	1005	772	14

05.05.2017	02:46:21	19.50	51.10	12.00	77.00	15.37	101251.89	13.13	1005	771	13

05.05.2017	02:51:23	19.50	51.10	12.00	77.00	15.35	101248.78	13.19	1005	776	13

05.05.2017	02:56:24	19.50	51.10	12.00	77.00	15.41	101254.85	13.19	1005	773	13

05.05.2017	03:01:25	19.50	51.10	12.00	75.00	15.43	101255.72	13.19	1005	773	13

05.05.2017	03:06:26	19.50	51.10	13.00	74.00	15.35	101261.34	13.19	1005	772	13

05.05.2017	03:11:28	19.50	51.10	12.00	75.00	15.38	101263.79	13.19	1005	774	13

05.05.2017	03:16:29	19.50	51.10	12.00	75.00	15.38	101267.55	13.13	1005	774	13

05.05.2017	03:21:30	19.50	51.00	12.00	75.00	15.46	101265.53	13.13	1005	775	13

05.05.2017	03:26:31	19.50	51.10	12.00	75.00	15.43	101266.16	13.13	1005	774	13

05.05.2017	03:31:32	19.50	51.10	12.00	75.00	15.36	101264.93	13.06	1005	775	13

05.05.2017	03:36:34	19.50	51.10	12.00	75.00	15.31	101258.36	13.06	1005	775	13

05.05.2017	03:41:35	19.50	51.10	12.00	76.00	15.31	101256.75	13.00	1005	776	13

05.05.2017	03:46:36	19.50	51.10	12.00	76.00	15.34	101257.41	13.06	1005	776	12

05.05.2017	03:51:38	19.50	51.10	12.00	76.00	15.29	101250.22	13.06	1005	776	13

05.05.2017	03:56:39	19.50	51.00	12.00	75.00	15.26	101247.42	13.00	1005	778	12

05.05.2017	04:01:40	19.50	51.10	12.00	75.00	15.22	101248.53	13.06	1005	777	12

05.05.2017	04:06:41	19.50	51.10	12.00	74.00	15.29	101247.45	13.00	1005	778	13

05.05.2017	04:11:43	19.50	51.00	12.00	74.00	15.23	101248.20	12.94	1005	778	13

05.05.2017	04:16:44	19.50	51.00	12.00	75.00	15.26	101248.88	12.81	1005	778	12

05.05.2017	04:21:45	19.50	51.00	12.00	75.00	15.23	101245.29	12.69	1005	778	13

05.05.2017	04:26:46	19.50	51.00	12.00	77.00	15.25	101241.06	12.75	1005	779	13

05.05.2017	04:31:48	19.50	51.00	12.00	77.00	15.23	101237.45	12.81	1005	779	12

05.05.2017	04:36:49	19.50	51.00	12.00	76.00	15.07	101238.31	12.63	1005	779	12

05.05.2017	04:41:50	19.50	51.00	12.00	80.00	14.91	101239.34	12.31	1005	779	13

05.05.2017	04:46:51	19.50	51.00	12.00	84.00	14.63	101239.57	12.19	1005	779	13

05.05.2017	04:51:52	19.50	51.00	11.00	84.00	14.53	101241.27	12.06	1005	780	12

05.05.2017	04:56:54	19.50	51.00	11.00	86.00	14.74	101237.56	12.13	1005	780	13

05.05.2017	05:01:55	19.50	51.00	11.00	87.00	14.68	101235.72	12.13	1005	779	13

05.05.2017	05:06:56	19.50	51.00	11.00	87.00	14.68	101229.52	12.06	1005	778	13

05.05.2017	05:11:57	19.50	51.00	11.00	87.00	14.52	101229.20	11.94	1005	773	13

05.05.2017	05:16:59	19.50	51.00	11.00	87.00	14.48	101230.97	11.94	1005	761	13

05.05.2017	05:22:00	19.50	51.00	11.00	86.00	14.60	101230.93	12.06	1005	746	13

05.05.2017	05:27:01	19.50	51.00	11.00	87.00	14.59	101229.91	12.00	1005	713	12

05.05.2017	05:32:02	19.50	51.00	11.00	90.00	14.54	101230.84	12.00	1005	668	12

05.05.2017	05:37:04	19.50	51.00	11.00	87.00	14.54	101225.95	11.94	1005	614	13

05.05.2017	05:42:05	19.50	51.10	11.00	87.00	14.45	101227.20	11.94	1005	584	13

05.05.2017	05:47:06	19.50	51.00	11.00	87.00	14.41	101226.18	11.88	1004	560	14

05.05.2017	05:52:07	19.50	51.00	11.00	87.00	14.44	101222.94	11.88	1004	521	14

05.05.2017	05:57:09	19.50	51.00	11.00	87.00	14.33	101218.94	11.94	1002	469	35

05.05.2017	06:02:10	19.50	51.00	11.00	87.00	14.32	101210.45	11.94	1000	415	48

05.05.2017	06:07:11	19.50	51.00	11.00	86.00	14.38	101209.85	11.94	1001	362	40

05.05.2017	06:12:12	19.50	51.00	11.00	87.00	14.38	101219.97	11.88	1004	315	16

05.05.2017	06:17:14	19.50	51.00	11.00	87.00	14.26	101222.08	11.88	1005	288	13

05.05.2017	06:22:15	19.50	51.00	11.00	86.00	14.27	101217.84	11.81	1005	272	13

05.05.2017	06:27:16	19.50	51.00	11.00	87.00	14.36	101226.94	11.88	1005	265	13

05.05.2017	06:32:17	19.50	51.00	11.00	86.00	14.43	101228.15	11.88	1005	253	13

05.05.2017	06:37:19	19.50	51.00	11.00	86.00	14.37	101234.42	11.88	1005	225	13

05.05.2017	06:42:20	19.50	51.00	11.00	86.00	14.37	101229.07	12.06	1004	207	13

05.05.2017	06:47:21	19.50	51.00	11.00	86.00	14.38	101235.42	12.00	1005	178	13

05.05.2017	06:52:22	19.50	51.00	11.00	86.00	14.34	101241.08	12.19	1004	148	13

05.05.2017	06:57:23	19.50	51.00	11.00	82.00	14.37	101243.55	12.25	1004	136	13

05.05.2017	07:02:25	19.50	51.00	11.00	82.00	14.57	101244.23	12.31	1005	129	13

05.05.2017	07:07:26	19.50	51.00	11.00	81.00	14.73	101241.94	12.44	1004	132	13

05.05.2017	07:12:27	19.50	51.00	11.00	81.00	14.83	101244.95	12.50	1005	141	13

05.05.2017	07:17:28	19.50	51.00	12.00	81.00	14.99	101249.34	12.63	1004	143	13

05.05.2017	07:22:30	19.50	51.00	12.00	80.00	15.08	101254.95	12.69	1004	144	13

05.05.2017	07:27:31	19.50	51.00	12.00	81.00	15.07	101254.94	12.69	1004	137	13

05.05.2017	07:32:32	19.50	51.00	12.00	80.00	15.01	101252.95	12.63	1005	121	12

05.05.2017	07:37:33	19.50	51.00	12.00	81.00	15.28	101255.27	12.88	1004	104	13

05.05.2017	07:42:35	19.50	51.00	12.00	80.00	15.48	101251.98	13.25	1005	100	13

05.05.2017	07:47:36	19.50	51.00	13.00	76.00	15.62	101254.05	13.25	1004	91	13

05.05.2017	07:52:37	19.50	50.90	13.00	75.00	15.76	101250.69	13.38	1004	85	13

05.05.2017	07:57:38	19.50	50.90	13.00	76.00	15.71	101248.52	13.50	1004	83	13

05.05.2017	08:02:40	19.60	50.90	13.00	74.00	16.10	101248.38	13.63	1004	80	13

05.05.2017	08:07:41	19.60	50.90	13.00	74.00	16.27	101252.19	13.75	1004	80	13

05.05.2017	08:12:42	19.60	50.80	13.00	72.00	16.36	101260.04	13.94	1004	80	13

05.05.2017	08:17:43	19.60	50.80	14.00	72.00	16.73	101254.73	14.31	1004	79	13

05.05.2017	08:22:45	19.60	50.70	14.00	72.00	16.87	101250.17	14.50	1004	82	13

05.05.2017	08:27:46	19.60	50.70	14.00	73.00	16.84	101248.20	14.31	1004	83	13

05.05.2017	08:32:47	19.60	50.70	14.00	73.00	16.82	101247.06	14.38	1004	86	12

05.05.2017	08:37:48	19.60	50.80	14.00	74.00	16.54	101259.47	13.94	1004	90	12

05.05.2017	08:42:50	19.60	50.80	14.00	75.00	16.55	101260.44	14.00	1004	87	12

05.05.2017	08:47:51	19.60	51.00	13.00	74.00	16.35	101265.93	13.75	1004	88	13

05.05.2017	08:52:52	19.60	50.90	13.00	72.00	16.58	101274.02	13.94	1004	85	13

05.05.2017	08:57:53	19.60	50.90	14.00	72.00	16.64	101279.75	14.00	1004	83	13

05.05.2017	09:02:55	19.60	50.80	14.00	71.00	16.58	101283.33	14.19	1004	76	13

05.05.2017	09:07:56	19.60	50.80	14.00	70.00	17.09	101283.36	14.69	1004	72	13

05.05.2017	09:12:57	19.70	50.70	14.00	69.00	17.34	101294.30	14.81	1004	71	13

05.05.2017	09:16:09	19.70	50.60	15.00	68.00	17.42	101297.40	14.94	996	69	9

05.05.2017	09:20:27	19.70	51.70	16.00	70.00	17.42	101297.73	15.13	996	70	9

05.05.2017	09:25:28	19.00	52.50	16.00	73.00	17.18	101308.55	14.81	999	69	8

05.05.2017	09:30:30	19.30	51.80	14.00	73.00	17.45	101306.23	14.94	996	67	8

05.05.2017	09:35:31	19.50	51.60	14.00	72.00	17.71	101311.77	15.13	998	65	9

05.05.2017	09:40:32	19.60	51.30	15.00	71.00	17.86	101315.51	15.06	999	65	8

05.05.2017	09:45:33	19.60	51.10	15.00	70.00	18.07	101317.73	15.19	997	63	8

05.05.2017	09:50:34	19.60	51.00	15.00	70.00	18.13	101317.38	14.81	988	63	9

05.05.2017	09:55:36	19.70	51.00	15.00	69.00	18.28	101322.41	15.00	993	63	9

05.05.2017	10:00:37	19.70	50.90	15.00	70.00	18.13	101327.70	15.06	994	61	9

05.05.2017	10:05:38	19.70	50.90	15.00	69.00	18.59	101331.94	15.63	992	61	10

05.05.2017	10:10:39	19.70	50.80	16.00	70.00	18.63	101333.06	15.38	995	61	10

05.05.2017	10:15:41	19.70	50.80	16.00	67.00	18.84	101333.59	15.63	997	59	10

05.05.2017	10:20:42	19.70	50.60	16.00	66.00	19.59	101331.69	16.81	999	56	10

05.05.2017	10:25:43	19.80	50.60	17.00	65.00	19.90	101334.67	17.31	999	57	10

05.05.2017	10:30:44	19.80	50.40	17.00	65.00	19.99	101333.73	17.81	999	56	10

05.05.2017	10:35:46	19.90	50.40	17.00	64.00	20.03	101336.47	17.75	999	58	10

05.05.2017	10:40:47	19.90	50.20	17.00	64.00	20.10	101341.83	17.81	999	59	10

05.05.2017	10:45:48	19.90	50.10	17.00	64.00	20.29	101345.73	18.38	999	59	10

05.05.2017	10:50:49	19.90	50.10	17.00	64.00	20.22	101350.58	17.75	999	59	10

05.05.2017	10:55:51	20.00	50.20	17.00	64.00	20.57	101351.11	18.19	999	56	10

05.05.2017	11:00:52	20.00	50.20	17.00	62.00	21.05	101356.72	18.81	999	54	10

05.05.2017	11:05:53	20.00	50.20	18.00	62.00	21.24	101355.56	19.06	999	54	10

05.05.2017	11:10:54	20.00	50.20	19.00	60.00	21.35	101355.55	18.81	999	55	10

05.05.2017	11:15:56	20.00	50.20	19.00	60.00	21.30	101358.59	19.00	999	56	10

05.05.2017	11:20:57	20.00	50.20	19.00	60.00	20.83	101361.44	18.06	999	58	10

05.05.2017	11:25:58	19.90	50.10	18.00	60.00	20.60	101359.46	17.63	999	59	10

05.05.2017	11:30:59	20.00	50.20	18.00	61.00	20.19	101365.72	18.00	999	56	10

05.05.2017	11:36:00	20.00	50.20	17.00	61.00	20.79	101368.91	18.25	999	57	10

05.05.2017	11:41:02	20.00	50.20	18.00	60.00	21.10	101370.12	18.44	999	54	10

05.05.2017	11:46:03	20.00	50.20	18.00	60.00	21.04	101374.48	18.25	999	57	10

05.05.2017	11:51:04	20.00	50.20	18.00	59.00	21.27	101368.37	19.06	999	59	10

05.05.2017	11:56:05	20.00	50.20	19.00	56.00	20.68	101368.72	18.63	999	62	10

05.05.2017	12:01:07	20.00	50.20	17.00	58.00	20.05	101374.10	18.00	1000	61	9

05.05.2017	12:06:08	20.00	50.20	17.00	61.00	19.60	101369.13	17.31	1000	66	9

05.05.2017	12:11:09	20.00	50.20	17.00	58.00	19.12	101369.00	16.75	1000	72	9

05.05.2017	12:16:10	20.00	50.20	16.00	62.00	18.86	101368.50	16.63	1000	72	9

05.05.2017	12:21:12	20.00	50.20	16.00	63.00	18.80	101368.88	16.94	1000	77	9

05.05.2017	12:26:13	20.00	50.20	16.00	62.00	18.82	101355.73	17.00	1000	78	9

05.05.2017	12:31:14	20.00	50.20	16.00	63.00	18.55	101348.52	16.69	1000	77	9

05.05.2017	12:36:15	20.00	50.20	16.00	62.00	18.69	101345.98	17.25	1000	78	9

05.05.2017	12:41:17	19.90	50.10	16.00	63.00	18.69	101345.34	17.19	1000	77	9

05.05.2017	12:46:18	19.90	50.10	16.00	63.00	18.83	101347.22	17.25	1000	76	9

05.05.2017	12:51:19	19.90	50.10	16.00	62.00	18.83	101348.20	17.06	1000	76	9

05.05.2017	12:56:20	19.90	50.10	16.00	63.00	18.79	101343.48	16.94	1000	75	9

05.05.2017	13:01:22	19.90	50.10	16.00	62.00	18.87	101344.57	17.13	1000	70	9

05.05.2017	13:06:23	19.90	50.10	16.00	62.00	18.98	101343.48	17.13	1000	70	9

05.05.2017	13:11:24	19.90	50.10	16.00	62.00	19.14	101344.05	17.63	1000	67	9

05.05.2017	13:16:25	19.90	50.10	16.00	63.00	19.31	101334.39	17.25	1000	63	9

05.05.2017	13:21:26	19.90	50.10	17.00	61.00	20.05	101332.17	18.19	1000	59	10

05.05.2017	13:26:28	20.00	50.20	17.00	60.00	20.42	101331.77	18.19	999	61	11

05.05.2017	13:31:29	20.00	50.20	18.00	60.00	20.13	101330.27	18.06	1000	65	9

05.05.2017	13:36:30	20.00	50.20	17.00	60.00	20.82	101331.01	18.06	999	60	10

05.05.2017	13:41:31	20.00	50.20	17.00	61.00	21.10	101335.39	18.69	999	63	10

05.05.2017	13:46:33	20.00	50.20	18.00	58.00	20.55	101339.79	18.81	1000	65	9

05.05.2017	13:51:34	20.00	50.20	18.00	60.00	20.10	101342.81	18.00	1000	66	9

05.05.2017	13:56:35	20.00	50.20	17.00	61.00	20.07	101353.05	17.94	1000	64	9

05.05.2017	14:01:36	20.00	50.20	17.00	60.00	20.27	101347.57	17.75	1000	65	9

05.05.2017	14:06:38	20.00	50.20	17.00	61.00	20.59	101343.51	17.88	1000	61	10

05.05.2017	14:11:39	20.00	50.20	17.00	61.00	20.67	101348.03	18.06	1000	62	9

05.05.2017	14:16:40	20.00	50.20	17.00	61.00	20.70	101349.78	18.31	1000	61	9

05.05.2017	14:21:41	20.00	50.20	17.00	61.00	21.13	101340.79	18.44	999	61	10

05.05.2017	14:26:43	20.00	50.20	18.00	61.00	20.83	101341.38	18.13	1000	61	9

05.05.2017	14:31:44	20.00	50.20	18.00	61.00	20.90	101343.25	18.69	999	63	10

05.05.2017	14:36:45	20.00	50.20	18.00	60.00	20.48	101334.31	18.44	1000	68	9

05.05.2017	14:41:46	20.00	50.20	18.00	60.00	20.03	101335.81	18.38	1000	79	9

05.05.2017	14:46:48	20.00	50.20	17.00	61.00	19.80	101339.35	18.00	1000	83	9

05.05.2017	14:51:49	20.00	50.20	17.00	62.00	19.74	101342.38	18.38	1000	83	9

05.05.2017	14:56:50	20.00	50.20	17.00	63.00	19.64	101344.45	18.06	1000	80	9

05.05.2017	15:01:51	20.00	50.20	17.00	63.00	19.39	101338.28	17.56	1000	80	9

05.05.2017	15:06:53	20.00	50.20	17.00	64.00	19.43	101332.84	17.56	1000	80	9

05.05.2017	15:11:54	20.00	50.20	16.00	65.00	19.44	101334.94	17.56	1000	78	9

05.05.2017	15:16:55	20.00	50.20	16.00	65.00	19.26	101334.59	17.38	1000	76	9

05.05.2017	15:21:56	20.00	50.20	16.00	65.00	19.57	101326.45	17.81	1000	74	9

05.05.2017	15:26:58	20.00	50.20	17.00	65.00	19.74	101324.48	17.63	1000	71	9

05.05.2017	15:31:59	19.90	50.10	17.00	64.00	19.87	101322.38	17.88	1000	69	9

05.05.2017	15:37:00	20.00	50.20	17.00	64.00	19.97	101319.63	17.44	1000	65	9

05.05.2017	15:42:01	19.90	50.10	17.00	64.00	20.02	101308.41	17.31	1000	63	9

05.05.2017	15:47:03	20.00	50.20	17.00	64.00	20.10	101309.62	17.94	1000	65	9

05.05.2017	15:52:04	20.00	50.20	17.00	62.00	19.83	101306.66	18.44	1000	71	9

05.05.2017	15:57:05	20.00	50.20	17.00	61.00	19.76	101302.13	18.38	1000	73	9

05.05.2017	16:02:06	20.00	50.20	17.00	63.00	19.84	101311.55	18.44	1000	76	9

05.05.2017	16:07:08	20.00	50.20	17.00	63.00	19.46	101314.44	17.81	1000	78	9

05.05.2017	16:12:09	20.00	50.20	16.00	65.00	19.44	101312.98	17.75	1000	80	9

05.05.2017	16:17:10	20.00	50.20	16.00	65.00	19.25	101302.45	17.50	1000	78	9

05.05.2017	16:22:11	20.00	50.20	16.00	65.00	19.35	101306.16	17.56	1000	78	9

05.05.2017	16:27:12	20.00	50.20	16.00	66.00	19.34	101297.81	17.75	1000	76	9

05.05.2017	16:32:14	19.90	50.10	16.00	65.00	19.27	101301.61	17.31	1000	75	10

05.05.2017	16:37:15	20.00	50.20	16.00	65.00	19.37	101293.17	17.69	1000	74	9

05.05.2017	16:42:16	19.90	50.10	17.00	64.00	19.21	101304.29	17.25	1000	73	9

05.05.2017	16:47:17	20.00	50.20	16.00	65.00	19.30	101294.50	17.38	1000	72	9

05.05.2017	16:52:19	20.00	50.20	16.00	65.00	19.62	101297.84	18.13	1000	70	9

05.05.2017	16:57:20	20.00	50.20	17.00	62.00	19.76	101302.13	18.19	1000	67	9

05.05.2017	17:02:21	20.00	50.20	17.00	63.00	19.94	101298.45	18.50	1000	67	9

05.05.2017	17:07:22	20.00	50.20	17.00	62.00	19.91	101296.38	18.25	1000	65	9

05.05.2017	17:12:24	20.00	50.20	17.00	62.00	20.40	101296.78	18.94	1000	62	9

05.05.2017	17:17:25	20.00	50.20	18.00	61.00	20.76	101300.67	19.06	1000	62	9

05.05.2017	17:22:26	20.00	50.20	18.00	62.00	20.75	101299.23	18.88	1000	63	9

05.05.2017	17:27:27	20.00	50.20	18.00	62.00	20.48	101306.03	18.50	1000	64	9

05.05.2017	17:32:29	20.00	50.20	17.00	62.00	20.37	101311.60	18.50	1000	67	9

05.05.2017	17:37:30	20.00	50.20	17.00	62.00	20.18	101321.51	18.31	1000	69	9

05.05.2017	17:42:31	20.00	50.20	17.00	64.00	20.10	101334.92	18.50	1000	69	9

05.05.2017	17:47:32	20.00	50.20	17.00	64.00	19.94	101341.33	18.19	1000	72	9

05.05.2017	17:52:34	20.00	50.20	17.00	65.00	19.80	101341.82	17.94	1000	76	9

05.05.2017	17:57:35	20.00	50.20	17.00	65.00	19.80	101350.36	18.00	1000	71	9

05.05.2017	18:02:36	20.00	50.20	17.00	66.00	19.96	101345.27	18.13	1000	74	9

05.05.2017	18:07:37	20.00	50.20	17.00	66.00	19.84	101344.73	17.88	1000	75	9

05.05.2017	18:12:38	20.00	50.20	17.00	67.00	19.86	101343.91	17.94	1000	73	9

05.05.2017	18:17:40	20.00	50.20	17.00	67.00	19.83	101341.64	17.88	1000	72	9

05.05.2017	18:22:41	20.00	50.20	17.00	65.00	20.24	101342.66	18.25	1000	70	9

05.05.2017	18:27:42	20.00	50.20	17.00	66.00	20.25	101338.72	18.44	1000	69	9

05.05.2017	18:32:43	20.00	50.10	17.00	66.00	20.52	101327.52	18.31	1000	67	9

05.05.2017	18:37:45	20.00	50.20	17.00	66.00	20.70	101334.98	18.63	1000	67	9

05.05.2017	18:42:46	20.00	50.00	17.00	65.00	20.56	101340.45	18.50	1000	70	8

05.05.2017	18:47:47	20.00	50.20	17.00	64.00	20.35	101330.37	18.25	1000	73	9

05.05.2017	18:52:49	20.00	50.20	17.00	65.00	20.19	101329.08	18.06	1000	77	9

05.05.2017	18:57:50	20.00	50.20	17.00	66.00	19.89	101328.59	17.69	1000	81	9

05.05.2017	19:02:51	20.00	50.20	17.00	67.00	19.82	101323.23	17.69	1000	91	9

05.05.2017	19:07:52	20.00	50.20	17.00	67.00	19.64	101340.52	17.56	1000	93	8

05.05.2017	19:12:53	20.00	50.20	17.00	68.00	19.79	101344.64	17.56	1000	95	9

05.05.2017	19:17:55	20.00	50.20	17.00	68.00	19.83	101349.03	17.63	1000	99	9

05.05.2017	19:22:56	19.90	50.10	17.00	69.00	19.57	101350.42	17.25	1000	103	9

05.05.2017	19:27:57	20.00	50.20	16.00	71.00	19.53	101354.73	17.25	1000	111	9

05.05.2017	19:32:58	20.00	50.20	16.00	72.00	19.45	101358.09	17.19	1000	113	9

05.05.2017	19:38:00	19.90	50.10	16.00	71.00	19.53	101367.70	17.13	995	113	9

05.05.2017	19:43:01	19.90	50.10	16.00	72.00	19.41	101367.48	17.19	996	119	9

05.05.2017	19:48:02	20.00	50.20	16.00	71.00	19.37	101374.08	17.13	997	120	9

05.05.2017	19:53:03	20.00	50.20	16.00	71.00	18.97	101382.72	16.88	999	135	9

05.05.2017	19:58:05	19.90	50.10	16.00	71.00	18.71	101385.66	16.88	1000	166	9

05.05.2017	20:03:06	19.90	50.10	16.00	71.00	18.52	101396.25	16.75	1000	193	9

05.05.2017	20:08:07	19.90	50.10	15.00	71.00	18.20	101401.73	16.31	1000	229	9

05.05.2017	20:13:08	19.90	50.10	15.00	73.00	17.91	101413.27	16.31	1000	285	9

05.05.2017	20:18:10	19.90	50.10	15.00	70.00	17.89	101424.89	16.19	1000	343	9

05.05.2017	20:23:11	19.90	50.10	15.00	71.00	17.62	101433.58	15.94	998	417	9

05.05.2017	20:28:12	19.90	50.30	14.00	72.00	17.40	101450.22	15.63	998	488	9

05.05.2017	20:33:13	19.90	50.20	14.00	73.00	17.38	101452.52	15.63	998	572	9

05.05.2017	20:38:15	19.80	50.50	14.00	73.00	17.31	101460.67	15.63	998	645	9

05.05.2017	20:43:16	19.90	50.70	14.00	72.00	17.25	101464.26	15.50	998	678	9

05.05.2017	20:48:17	19.90	51.40	14.00	73.00	17.07	101471.75	15.25	998	708	9

05.05.2017	20:53:18	19.90	52.70	14.00	74.00	16.87	101478.38	14.94	998	726	9

05.05.2017	20:58:19	19.90	53.00	14.00	75.00	16.76	101486.36	14.88	998	733	9

05.05.2017	21:03:21	19.90	53.50	13.00	76.00	16.74	101497.14	14.81	998	737	9

05.05.2017	21:08:22	19.90	53.50	13.00	77.00	16.71	101495.48	14.94	998	740	9

05.05.2017	21:13:23	19.90	53.80	14.00	77.00	16.66	101506.91	14.81	998	740	9

05.05.2017	21:18:24	19.90	53.50	13.00	79.00	16.59	101507.83	14.56	998	739	9

05.05.2017	21:23:15	19.90	53.80	13.00	80.00	16.42	101506.39	14.38	994	741	10

05.05.2017	21:28:16	19.90	53.70	14.00	81.00	16.27	101505.31	14.38	998	742	9

05.05.2017	21:33:18	19.90	53.40	13.00	81.00	16.34	101506.02	14.38	997	743	9

05.05.2017	21:38:19	20.00	53.60	13.00	83.00	16.23	101503.33	14.31	998	745	9

05.05.2017	21:43:20	20.00	53.20	13.00	83.00	16.16	101504.28	14.19	998	744	9

05.05.2017	21:48:21	20.00	53.30	13.00	83.00	15.97	101503.16	14.06	997	744	9

05.05.2017	21:51:42	19.90	53.10	13.00	85.00	15.96	101496.28	13.94	991	745	9

05.05.2017	21:56:44	20.00	53.40	14.00	89.00	15.91	101494.77	13.94	989	745	9

05.05.2017	22:01:45	20.00	53.00	13.00	86.00	15.84	101494.06	13.81	989	746	9

05.05.2017	22:06:46	20.00	52.90	13.00	86.00	15.87	101493.28	13.94	990	746	9

05.05.2017	22:11:47	20.10	52.90	13.00	86.00	15.77	101491.41	13.81	989	747	9

05.05.2017	22:16:49	20.10	53.00	12.00	87.00	15.67	101495.05	13.75	990	747	9

05.05.2017	22:21:50	20.10	52.80	12.00	87.00	15.68	101503.71	13.81	990	748	9

05.05.2017	22:26:51	20.10	53.10	12.00	90.00	15.63	101497.45	13.63	990	748	9

05.05.2017	22:31:52	20.10	53.10	12.00	87.00	15.56	101501.16	13.63	990	749	9

05.05.2017	22:36:54	20.10	53.10	12.00	90.00	15.47	101502.05	13.50	989	749	9

05.05.2017	22:41:55	20.10	53.00	12.00	86.00	15.50	101498.98	13.50	989	750	9

05.05.2017	22:46:56	20.00	52.90	12.00	86.00	15.42	101489.38	13.44	990	751	9

05.05.2017	22:51:57	20.00	53.00	12.00	86.00	15.37	101483.16	13.38	989	751	9

05.05.2017	22:56:58	20.00	53.10	12.00	87.00	15.40	101481.53	13.56	990	752	9

05.05.2017	23:02:00	20.00	53.20	12.00	87.00	15.19	101479.04	13.25	990	752	9

05.05.2017	23:07:01	20.00	53.10	12.00	86.00	15.29	101475.88	13.25	991	752	9

05.05.2017	23:12:02	20.00	52.90	12.00	87.00	15.17	101484.07	13.13	990	753	9

05.05.2017	23:17:03	20.00	53.00	12.00	86.00	15.21	101493.91	13.13	990	754	9

05.05.2017	23:22:05	20.00	52.90	12.00	87.00	15.04	101497.80	13.06	991	754	9

05.05.2017	23:27:06	20.10	53.10	12.00	87.00	15.17	101499.09	13.25	991	755	9

05.05.2017	23:32:07	20.10	53.00	12.00	90.00	15.09	101507.16	13.19	990	756	9

05.05.2017	23:37:08	20.00	53.10	12.00	87.00	15.11	101504.89	13.25	991	758	9

05.05.2017	23:42:10	20.00	53.00	12.00	87.00	15.08	101506.64	13.06	991	757	9

05.05.2017	23:47:11	20.00	53.10	12.00	87.00	15.00	101511.11	12.94	991	757	9

05.05.2017	23:52:12	19.90	53.00	12.00	87.00	15.01	101510.80	12.94	991	757	9

05.05.2017	23:57:13	20.00	53.00	12.00	87.00	14.94	101498.65	12.88	991	758	10

06.05.2017	00:02:15	19.90	53.00	12.00	90.00	14.96	101476.83	13.00	991	758	10

06.05.2017	00:07:16	19.90	52.90	12.00	90.00	14.96	101474.38	13.00	991	760	10

06.05.2017	00:12:17	19.90	52.90	12.00	89.00	14.93	101475.50	12.88	991	760	9

06.05.2017	00:17:18	19.90	52.90	12.00	87.00	14.93	101476.00	12.94	991	761	10

06.05.2017	00:22:20	19.90	52.90	12.00	90.00	14.88	101480.98	12.94	991	760	10

06.05.2017	00:27:21	19.90	52.90	12.00	89.00	14.83	101486.63	12.81	991	762	11

06.05.2017	00:32:22	19.80	52.80	12.00	87.00	14.77	101476.11	12.88	991	762	10

06.05.2017	00:37:23	19.80	52.90	11.00	89.00	14.78	101483.63	12.88	991	762	9

06.05.2017	00:42:24	19.80	52.90	11.00	87.00	14.72	101494.95	12.75	991	753	10

06.05.2017	00:47:26	19.80	52.80	11.00	87.00	14.64	101511.95	12.63	991	763	10

06.05.2017	00:52:27	19.80	52.90	11.00	84.00	14.61	101514.99	12.63	991	763	10

06.05.2017	00:57:28	19.80	52.80	11.00	86.00	14.60	101525.44	12.56	991	764	10

06.05.2017	01:02:29	19.80	52.80	11.00	85.00	14.53	101530.84	12.50	991	764	10

06.05.2017	01:07:31	19.80	52.80	11.00	84.00	14.51	101527.73	12.50	991	763	10

06.05.2017	01:12:32	19.80	52.80	11.00	84.00	14.53	101520.11	12.50	991	764	9

06.05.2017	01:17:33	19.80	52.80	11.00	84.00	14.52	101512.61	12.44	991	765	10

06.05.2017	01:22:34	19.80	52.80	11.00	84.00	14.49	101509.63	12.44	991	765	10

06.05.2017	01:27:36	19.80	52.70	11.00	84.00	14.54	101510.17	12.44	991	767	10

06.05.2017	01:32:37	19.80	52.80	11.00	86.00	14.42	101515.22	12.44	991	767	9

06.05.2017	01:37:38	19.80	52.80	11.00	84.00	14.43	101503.69	12.63	991	767	10

06.05.2017	01:42:39	19.80	52.80	11.00	84.00	14.51	101499.71	12.63	991	767	10

06.05.2017	01:47:41	19.80	52.80	11.00	87.00	14.53	101491.12	12.75	991	766	10

06.05.2017	01:52:42	19.70	52.70	11.00	86.00	14.51	101495.48	12.69	991	772	10

06.05.2017	01:57:43	19.70	52.70	11.00	82.00	14.49	101501.31	12.44	991	767	10

06.05.2017	02:02:44	19.70	52.70	11.00	86.00	14.38	101497.73	12.44	991	770	10

06.05.2017	02:07:46	19.70	52.70	11.00	84.00	14.43	101493.73	12.69	991	770	9

06.05.2017	02:12:47	19.70	52.70	11.00	84.00	14.43	101496.18	12.44	991	771	10

06.05.2017	02:17:48	19.70	52.70	11.00	84.00	14.40	101497.62	12.25	991	770	9

06.05.2017	02:22:49	19.70	52.70	11.00	85.00	14.22	101495.05	12.25	991	770	10

06.05.2017	02:27:51	19.70	52.70	11.00	84.00	14.25	101484.98	12.38	991	770	10

06.05.2017	02:32:52	19.70	52.70	11.00	86.00	14.17	101481.11	12.19	991	771	10

06.05.2017	02:37:53	19.70	52.70	11.00	86.00	14.15	101474.41	12.13	991	770	10

06.05.2017	02:42:54	19.70	52.70	11.00	86.00	14.16	101478.67	12.06	991	770	9

06.05.2017	02:47:56	19.70	52.70	11.00	86.00	14.10	101481.51	12.13	991	772	9

06.05.2017	02:52:57	19.70	52.60	11.00	86.00	14.07	101477.05	12.19	991	773	10

06.05.2017	02:57:58	19.70	52.60	11.00	87.00	14.09	101469.77	12.25	991	773	10

06.05.2017	03:02:59	19.70	52.60	11.00	87.00	14.10	101472.38	12.06	991	774	9

06.05.2017	03:08:01	19.70	52.60	11.00	87.00	14.04	101471.00	12.00	991	774	9

06.05.2017	03:13:02	19.70	52.60	11.00	87.00	14.07	101473.98	12.00	991	773	9

06.05.2017	03:18:03	19.70	52.60	11.00	87.00	14.00	101473.35	11.81	991	774	9

06.05.2017	03:23:04	19.70	52.60	11.00	87.00	13.97	101475.45	11.75	991	773	10

06.05.2017	03:28:06	19.60	52.60	11.00	87.00	13.98	101482.27	11.75	991	774	9

06.05.2017	03:33:07	19.70	52.60	11.00	89.00	13.91	101481.86	11.88	991	777	9

06.05.2017	03:38:08	19.70	52.60	11.00	87.00	13.97	101481.31	12.06	991	775	9

06.05.2017	03:43:09	19.60	52.60	11.00	90.00	14.04	101473.45	12.06	991	776	9

06.05.2017	03:48:10	19.70	52.60	11.00	90.00	14.22	101472.08	12.19	991	777	9

06.05.2017	03:53:12	19.70	52.60	11.00	90.00	14.37	101472.66	12.19	991	776	9

06.05.2017	03:58:13	19.60	52.40	11.00	87.00	14.51	101469.76	12.31	991	788	9

06.05.2017	04:03:14	19.70	52.60	11.00	87.00	14.54	101465.88	12.38	991	779	10

06.05.2017	04:08:15	19.70	52.60	12.00	87.00	14.52	101463.08	12.38	991	777	9

06.05.2017	04:13:17	19.60	52.40	11.00	87.00	14.52	101466.66	12.31	991	779	10

06.05.2017	04:18:18	19.60	52.40	11.00	87.00	14.64	101472.87	12.31	991	778	9

06.05.2017	04:23:19	19.60	52.40	12.00	87.00	14.67	101466.03	12.38	991	778	10

06.05.2017	04:28:20	19.60	52.40	12.00	87.00	14.46	101458.61	12.31	991	779	10

06.05.2017	04:33:22	19.70	52.50	11.00	87.00	14.36	101452.78	12.31	991	779	9

06.05.2017	04:38:23	19.60	52.30	11.00	90.00	14.39	101452.98	12.31	991	780	10

06.05.2017	04:43:24	19.60	52.30	11.00	90.00	14.39	101443.69	12.31	991	766	10

06.05.2017	04:48:25	19.60	52.30	11.00	90.00	14.28	101434.61	12.25	991	779	9

06.05.2017	04:53:27	19.60	52.30	11.00	92.00	14.30	101426.13	12.31	991	779	9

06.05.2017	04:58:28	19.60	52.40	11.00	92.00	14.24	101427.66	12.13	991	776	9

06.05.2017	05:03:29	19.60	52.30	11.00	92.00	14.17	101437.50	12.19	991	771	10

06.05.2017	05:08:30	19.60	52.40	11.00	90.00	14.30	101437.72	12.19	991	762	9

06.05.2017	05:13:32	19.60	52.40	11.00	87.00	14.21	101440.47	12.19	991	744	9

06.05.2017	05:18:33	19.60	52.30	11.00	87.00	14.17	101437.48	12.06	991	698	9

06.05.2017	05:23:34	19.60	52.30	11.00	90.00	14.09	101430.22	11.94	990	632	9

06.05.2017	05:28:35	19.60	52.30	11.00	90.00	14.03	101421.34	12.00	989	548	9

06.05.2017	05:33:36	19.60	52.30	11.00	90.00	13.94	101421.52	11.88	989	450	9

06.05.2017	05:38:38	19.60	52.30	11.00	90.00	13.89	101418.55	11.81	990	362	10

06.05.2017	05:43:39	19.60	52.30	11.00	90.00	13.85	101411.14	11.94	990	299	10

06.05.2017	05:48:40	19.60	52.30	11.00	90.00	13.89	101405.52	11.94	990	249	9

06.05.2017	05:53:41	19.60	52.30	11.00	90.00	13.89	101403.72	11.88	990	213	10

06.05.2017	05:58:43	19.60	52.30	11.00	90.00	13.88	101395.39	11.88	990	174	10

06.05.2017	06:03:44	19.60	52.20	11.00	87.00	13.97	101391.48	12.06	990	152	9

06.05.2017	06:08:45	19.60	52.20	11.00	87.00	14.07	101394.39	12.31	990	135	10

06.05.2017	06:13:46	19.60	52.20	11.00	86.00	14.21	101390.17	12.44	990	122	10

06.05.2017	06:18:48	19.60	52.20	11.00	84.00	14.27	101386.17	12.50	990	112	9

06.05.2017	06:23:49	19.60	52.20	12.00	84.00	14.26	101385.38	12.50	990	109	9

06.05.2017	06:28:50	19.60	52.10	12.00	82.00	14.39	101383.94	12.63	991	104	9

06.05.2017	06:33:51	19.70	52.20	12.00	82.00	14.37	101386.51	12.63	991	98	9

06.05.2017	06:38:53	19.70	52.20	12.00	82.00	14.48	101384.03	12.75	991	94	10

06.05.2017	06:43:54	19.70	52.10	12.00	82.00	14.51	101383.27	12.81	991	91	10

06.05.2017	06:48:55	19.70	52.10	12.00	82.00	14.69	101381.83	13.00	991	87	10

06.05.2017	06:53:56	19.60	52.00	12.00	82.00	15.51	101374.84	16.69	991	80	9

06.05.2017	06:58:58	20.00	51.10	13.00	77.00	16.00	101377.63	18.94	991	79	9

06.05.2017	07:03:59	20.20	50.30	14.00	74.00	16.60	101372.22	19.25	991	74	10

06.05.2017	07:09:00	20.30	50.40	14.00	72.00	17.11	101370.84	20.38	991	69	9

06.05.2017	07:14:01	20.30	50.40	15.00	70.00	18.02	101371.97	21.31	991	63	9

06.05.2017	07:19:03	20.30	50.40	16.00	68.00	18.34	101383.16	22.81	991	65	10

06.05.2017	07:24:04	20.30	50.40	17.00	65.00	18.28	101390.72	20.56	991	75	9

06.05.2017	07:29:05	20.30	50.40	16.00	66.00	17.88	101391.14	17.19	991	69	9

06.05.2017	07:34:06	20.20	50.30	16.00	68.00	18.59	101410.30	20.50	991	63	10

06.05.2017	07:39:08	20.30	50.40	16.00	67.00	19.20	101415.20	22.19	991	62	10

06.05.2017	07:44:09	20.20	50.30	17.00	64.00	19.29	101419.09	22.31	991	67	9

06.05.2017	07:49:10	20.30	50.40	17.00	64.00	19.24	101408.28	21.00	991	71	9

06.05.2017	07:54:11	20.30	50.40	17.00	64.00	19.61	101403.91	21.88	991	62	10

06.05.2017	07:59:13	20.30	50.40	17.00	63.00	20.20	101405.81	24.50	991	62	9

06.05.2017	08:04:14	20.30	50.40	18.00	63.00	20.10	101410.34	23.25	991	69	9

06.05.2017	08:09:15	20.40	50.40	18.00	64.00	19.90	101412.67	21.94	991	67	9

06.05.2017	08:14:16	20.40	50.20	17.00	64.00	20.27	101415.94	21.75	991	63	10

06.05.2017	08:19:18	20.50	50.20	17.00	65.00	20.84	101411.45	22.25	991	62	10

06.05.2017	08:24:19	20.50	50.10	19.00	62.00	20.39	101411.19	20.56	991	70	9

06.05.2017	08:29:20	20.50	50.00	18.00	64.00	20.70	101415.41	20.63	991	66	9

06.05.2017	08:34:21	20.50	50.00	18.00	64.00	20.92	101414.13	20.38	991	66	9

06.05.2017	08:39:23	20.50	49.90	18.00	64.00	21.23	101413.70	20.88	991	64	9

06.05.2017	08:44:24	20.50	50.00	19.00	62.00	21.22	101419.30	24.56	991	67	9

06.05.2017	08:49:25	20.50	50.00	19.00	62.00	21.19	101426.44	25.25	991	68	9

06.05.2017	08:54:26	20.50	50.00	18.00	63.00	21.05	101431.27	25.75	991	70	10

06.05.2017	08:59:27	20.50	50.10	18.00	63.00	21.24	101422.06	25.81	991	69	10

06.05.2017	09:04:29	20.50	50.00	18.00	64.00	21.29	101424.30	26.38	991	68	9

06.05.2017	09:09:30	20.50	50.00	18.00	64.00	21.37	101426.31	25.88	991	70	9

06.05.2017	09:14:31	20.50	50.00	18.00	63.00	21.27	101424.83	26.00	991	67	10

06.05.2017	09:19:32	20.50	49.90	18.00	63.00	21.07	101420.67	25.19	991	73	10

06.05.2017	09:24:34	20.50	50.00	18.00	64.00	21.22	101408.93	25.13	991	69	9

06.05.2017	09:29:35	20.50	49.80	18.00	64.00	21.13	101395.23	25.44	991	70	10

06.05.2017	09:34:36	20.50	50.00	18.00	64.00	21.33	101389.67	26.00	990	71	9

06.05.2017	09:39:37	20.50	50.00	18.00	64.00	21.18	101389.91	25.69	990	70	10

06.05.2017	09:44:39	20.50	50.00	18.00	64.00	21.09	101395.46	25.75	990	71	9

06.05.2017	09:49:40	20.50	50.10	18.00	64.00	21.08	101406.35	26.06	990	73	9

06.05.2017	09:54:41	20.50	50.20	18.00	64.00	20.98	101408.45	25.44	990	73	9

06.05.2017	09:59:42	20.40	50.20	18.00	64.00	20.57	101411.29	22.63	990	75	9

06.05.2017	10:04:44	20.50	50.30	17.00	64.00	20.70	101407.52	20.44	991	75	9

06.05.2017	10:09:45	20.40	50.30	17.00	64.00	20.67	101410.00	20.31	990	74	10

06.05.2017	10:14:46	20.40	50.40	17.00	64.00	20.54	101409.37	20.06	990	73	10

06.05.2017	10:19:47	20.40	50.40	17.00	64.00	20.43	101420.84	19.81	990	73	9

06.05.2017	10:24:49	20.40	50.50	17.00	64.00	20.73	101426.56	19.88	990	71	9

06.05.2017	10:29:50	20.40	50.50	17.00	64.00	20.65	101430.78	19.44	990	72	9

06.05.2017	10:34:51	20.40	50.50	17.00	63.00	20.84	101430.53	19.69	990	68	9

06.05.2017	10:39:52	20.40	50.50	18.00	63.00	21.17	101430.39	19.94	990	67	9

06.05.2017	10:44:54	20.40	50.50	18.00	62.00	21.07	101428.23	20.00	990	69	9

06.05.2017	10:49:55	20.40	50.50	18.00	63.00	21.04	101418.59	19.88	990	69	10

06.05.2017	10:54:56	20.40	50.50	18.00	64.00	20.98	101418.81	19.94	990	74	9

06.05.2017	10:59:57	20.40	50.50	18.00	64.00	20.98	101408.61	19.94	990	73	9

06.05.2017	11:04:59	20.40	50.50	18.00	64.00	21.03	101400.33	19.81	990	70	9

06.05.2017	11:06:43	20.40	50.50	18.00	64.00	21.06	101396.84	19.50	987	74	10

06.05.2017	11:11:44	20.40	50.50	20.00	63.00	20.77	101389.83	19.38	990	77	9

06.05.2017	11:16:46	20.20	50.40	17.00	64.00	20.93	101385.64	19.63	990	71	9

06.05.2017	11:21:47	20.00	51.10	17.00	63.00	21.80	101372.89	20.25	990	67	9

06.05.2017	11:26:48	20.10	50.90	19.00	61.00	22.77	101365.34	20.81	989	63	11

06.05.2017	11:31:22	20.20	51.00	22.00	59.00	22.92	101355.59	21.63	949	59	16

06.05.2017	11:36:24	20.10	51.40	22.00	59.00	23.62	101348.24	21.50	1001	59	8

06.05.2017	11:41:25	20.30	50.60	21.00	52.00	24.14	101336.91	22.13	1001	58	8

06.05.2017	11:46:26	20.30	50.40	22.00	48.00	24.48	101340.86	22.44	1001	58	8

06.05.2017	11:51:27	20.50	50.60	22.00	47.00	24.48	101368.17	22.50	1000	56	8

06.05.2017	11:56:29	20.40	50.50	22.00	47.00	24.39	101350.73	22.19	1000	59	8

06.05.2017	12:01:30	20.40	50.40	22.00	47.00	24.26	101343.33	21.88	1000	60	8

06.05.2017	12:06:31	20.40	50.10	22.00	47.00	24.08	101338.58	21.44	999	61	8

06.05.2017	12:11:32	20.40	50.50	21.00	49.00	23.83	101330.65	21.44	999	62	8

06.05.2017	12:16:34	20.40	49.70	21.00	48.00	24.65	101305.44	22.00	999	58	8

06.05.2017	12:21:35	20.40	49.90	22.00	47.00	24.67	101316.30	22.13	999	59	7

06.05.2017	12:26:36	20.40	48.70	22.00	44.00	24.32	101306.59	21.81	999	60	8

06.05.2017	12:31:37	20.40	49.60	21.00	46.00	24.59	101297.31	21.69	999	59	8

06.05.2017	12:36:38	20.50	49.70	22.00	47.00	24.59	101295.53	22.56	998	63	8

06.05.2017	12:41:40	20.50	49.90	22.00	46.00	24.25	101292.61	22.31	994	64	8

06.05.2017	12:46:41	20.60	53.10	21.00	50.00	24.66	101303.07	21.75	996	59	8

06.05.2017	12:51:42	20.60	51.30	21.00	47.00	25.23	101314.98	22.69	996	57	8

06.05.2017	12:56:43	20.60	50.80	22.00	46.00	25.18	101324.75	22.06	995	60	8

06.05.2017	13:01:45	20.70	51.50	23.00	45.00	25.06	101305.95	22.44	997	59	9

06.05.2017	13:06:46	20.70	51.20	22.00	43.00	25.11	101299.83	22.31	991	59	8

06.05.2017	13:11:47	20.70	50.80	22.00	43.00	24.64	101297.05	21.56	995	61	8

06.05.2017	13:16:48	20.70	51.60	22.00	43.00	24.29	101303.23	21.13	998	65	9

06.05.2017	13:21:50	20.70	49.00	21.00	44.00	24.09	101306.31	20.81	993	65	8

06.05.2017	13:26:51	20.60	50.70	21.00	47.00	24.45	101309.84	21.13	994	62	8

06.05.2017	13:31:52	20.60	49.70	21.00	46.00	24.92	101309.41	21.13	994	58	8

06.05.2017	13:36:53	20.60	50.10	21.00	46.00	24.59	101308.44	21.38	994	59	8

06.05.2017	13:41:55	20.70	49.10	22.00	42.00	25.28	101303.36	21.94	994	58	9

06.05.2017	13:46:56	20.70	49.60	22.00	42.00	25.43	101296.42	22.00	994	57	8

06.05.2017	13:51:57	20.80	50.00	22.00	42.00	25.27	101298.44	22.00	995	59	8

06.05.2017	13:56:58	20.70	48.20	22.00	41.00	25.26	101276.09	21.75	996	59	8

06.05.2017	14:02:00	20.70	46.80	22.00	39.00	24.28	101280.13	21.13	996	62	8

06.05.2017	14:07:01	20.70	49.10	21.00	40.00	23.78	101280.86	20.38	997	63	8

06.05.2017	14:12:02	20.70	47.60	20.00	44.00	22.97	101260.88	19.44	997	65	7

06.05.2017	14:17:03	20.60	46.30	19.00	44.00	22.49	101213.55	19.19	997	70	7

06.05.2017	14:22:05	20.50	48.60	19.00	47.00	22.46	101222.18	18.88	997	66	7

06.05.2017	14:27:06	20.30	46.20	19.00	45.00	23.37	101213.95	19.94	995	66	8

06.05.2017	14:32:07	20.30	46.20	20.00	44.00	23.96	101208.95	20.63	995	61	9

06.05.2017	14:37:08	20.40	46.50	21.00	42.00	24.78	101210.06	21.69	995	58	9

06.05.2017	14:42:09	20.50	47.30	22.00	43.00	25.11	101195.00	21.81	995	58	9

06.05.2017	14:47:11	20.60	47.10	22.00	43.00	25.22	101194.13	22.13	995	59	8

06.05.2017	14:48:19	20.60	47.60	22.00	42.00	25.18	101189.26	22.00	995	61	9

06.05.2017	14:53:21	20.60	48.20	23.00	43.00	25.13	101181.67	22.06	997	60	9

06.05.2017	14:58:22	20.60	47.50	22.00	42.00	25.17	101170.61	21.81	998	60	9

06.05.2017	15:03:23	20.70	46.90	22.00	42.00	24.79	101152.89	21.75	997	61	9

06.05.2017	15:06:09	20.70	46.90	21.00	43.00	24.78	101139.38	21.56	995	78	9

06.05.2017	15:11:10	20.70	48.10	23.00	44.00	24.58	101124.45	21.25	997	64	9

06.05.2017	15:16:11	20.70	47.50	21.00	43.00	24.41	101106.83	21.31	997	64	9

06.05.2017	15:21:13	20.70	47.20	21.00	45.00	24.27	101092.92	21.19	997	66	9

06.05.2017	15:26:14	20.60	47.90	21.00	46.00	23.73	101084.05	20.88	999	62	8

06.05.2017	15:31:15	20.60	47.80	20.00	47.00	23.12	101073.14	20.31	999	68	8

06.05.2017	15:36:16	20.60	48.00	20.00	48.00	22.79	101065.81	19.81	999	72	8

06.05.2017	15:41:18	20.50	47.40	19.00	48.00	22.83	101055.30	19.63	999	72	8

06.05.2017	15:46:19	20.50	46.60	19.00	47.00	22.87	101035.06	19.56	983	68	8

06.05.2017	15:51:20	20.40	48.30	19.00	48.00	22.87	101024.48	19.63	984	68	8

06.05.2017	15:56:21	20.40	47.90	19.00	50.00	23.08	101008.55	19.94	993	64	8

06.05.2017	16:01:22	20.40	48.10	20.00	51.00	23.14	101024.70	20.00	995	64	9

06.05.2017	16:06:24	20.40	48.60	20.00	53.00	22.06	101055.64	19.25	999	91	9

06.05.2017	16:11:25	20.30	48.50	18.00	56.00	21.55	101053.20	18.63	997	92	13

06.05.2017	16:16:26	20.20	49.20	17.00	61.00	22.70	100993.30	19.25	997	67	15

06.05.2017	16:21:28	20.20	49.30	19.00	56.00	23.31	100973.00	19.88	997	69	16

06.05.2017	16:26:29	20.20	49.00	20.00	50.00	23.80	100954.13	19.75	997	66	16

06.05.2017	16:31:30	20.40	48.10	20.00	47.00	23.94	100919.92	20.06	997	67	16

06.05.2017	16:36:31	20.30	48.60	20.00	48.00	23.25	100909.96	20.44	998	68	14

06.05.2017	16:41:33	20.30	48.60	20.00	48.00	23.04	100910.62	20.63	999	80	15

06.05.2017	16:46:34	20.40	48.20	19.00	49.00	23.04	100908.30	20.50	999	76	15

06.05.2017	16:51:35	20.40	48.90	19.00	55.00	23.60	100896.78	20.56	998	74	15

06.05.2017	16:56:36	20.40	49.30	20.00	54.00	24.23	100894.63	21.25	997	70	17

06.05.2017	17:01:38	20.50	49.10	21.00	46.00	23.93	100902.13	21.50	997	73	18

06.05.2017	17:06:39	20.50	48.80	21.00	47.00	23.71	100902.20	21.75	998	69	16

06.05.2017	17:11:40	20.50	48.40	21.00	46.00	24.19	100891.30	21.81	999	68	15

06.05.2017	17:16:41	20.60	48.90	21.00	47.00	23.34	100885.44	20.63	999	74	15

06.05.2017	17:21:42	20.50	48.90	20.00	53.00	23.37	100882.52	20.69	999	76	15

06.05.2017	17:26:44	20.50	49.20	20.00	55.00	22.92	100878.81	20.69	999	78	15

06.05.2017	17:31:45	20.50	49.10	19.00	55.00	22.94	100885.52	20.38	999	77	15

06.05.2017	17:36:46	20.50	49.80	19.00	58.00	22.73	100880.05	20.13	999	80	16

06.05.2017	17:41:47	20.50	49.90	19.00	60.00	22.57	100878.83	20.06	999	85	16

06.05.2017	17:46:49	20.40	50.50	19.00	59.00	22.10	100873.92	19.88	999	96	16

06.05.2017	17:51:50	20.40	50.00	19.00	58.00	21.99	100880.97	19.56	999	98	15

06.05.2017	17:56:51	20.30	50.00	18.00	61.00	21.89	100886.03	19.06	999	95	15

06.05.2017	18:01:52	20.30	50.40	18.00	62.00	21.74	100889.51	19.31	999	97	15

06.05.2017	18:06:54	20.30	50.50	18.00	63.00	21.49	100892.28	19.13	999	111	15

06.05.2017	18:11:55	20.20	51.30	18.00	64.00	21.15	100890.29	18.81	991	148	43

06.05.2017	18:16:56	20.30	51.30	17.00	64.00	20.86	100908.02	18.50	992	150	19

06.05.2017	18:21:57	20.30	51.00	17.00	66.00	20.72	100920.34	18.44	993	152	16

06.05.2017	18:26:59	20.40	51.00	17.00	67.00	20.57	100917.03	18.38	993	168	16

06.05.2017	18:32:00	20.40	50.80	17.00	67.00	20.36	100919.75	18.13	993	185	15

06.05.2017	18:37:01	20.40	50.80	17.00	67.00	20.22	100920.84	18.00	993	198	15

06.05.2017	18:42:02	20.40	50.80	16.00	66.00	20.21	100919.41	18.00	993	199	15

06.05.2017	18:47:04	20.40	50.90	17.00	65.00	20.07	100919.31	18.13	993	196	15

06.05.2017	18:52:05	20.40	51.00	16.00	65.00	19.97	100918.98	17.75	993	193	15

06.05.2017	18:57:06	20.40	51.30	16.00	65.00	19.95	100920.17	17.81	993	195	15

06.05.2017	19:02:07	20.40	51.90	16.00	65.00	19.95	100912.45	17.94	993	206	15

06.05.2017	19:07:09	20.40	52.20	16.00	65.00	19.86	100915.72	17.63	993	221	15

06.05.2017	19:12:10	20.30	52.80	16.00	66.00	19.83	100919.23	17.69	993	228	15

06.05.2017	19:17:11	20.40	53.00	16.00	68.00	19.77	100930.18	17.56	993	231	16

06.05.2017	19:22:12	20.30	53.30	16.00	70.00	19.70	100938.33	17.50	993	274	16

06.05.2017	19:27:14	20.40	53.50	16.00	71.00	19.58	100948.05	17.50	992	382	17

06.05.2017	19:32:15	20.30	53.10	16.00	72.00	19.34	100955.49	17.25	993	347	16

06.05.2017	19:37:16	20.30	53.20	16.00	73.00	19.10	100967.92	17.00	992	427	17

06.05.2017	19:42:17	20.30	53.10	15.00	76.00	19.01	100971.97	16.38	992	476	17

06.05.2017	19:47:19	20.30	53.30	15.00	79.00	18.81	100968.80	15.88	988	525	17

06.05.2017	19:52:20	20.40	53.50	15.00	82.00	18.66	100966.67	16.00	968	561	17

06.05.2017	19:57:21	20.40	53.70	15.00	82.00	18.34	100969.13	15.94	565	585	17

06.05.2017	20:02:22	20.40	53.60	14.00	83.00	18.43	100958.05	15.69	638	610	17

06.05.2017	20:07:23	20.40	53.60	14.00	85.00	18.23	100948.28	15.06	571	607	17

06.05.2017	20:12:25	20.40	53.50	14.00	83.00	17.95	100931.67	15.31	573	631	17

06.05.2017	20:17:26	20.30	53.50	14.00	85.00	17.68	100931.42	14.63	546	668	17

06.05.2017	20:22:27	20.30	53.70	14.00	83.00	17.71	100930.08	14.94	572	691	17

06.05.2017	20:27:28	20.50	54.10	14.00	86.00	17.76	100929.05	14.81	551	686	4

06.05.2017	20:32:30	20.80	53.10	14.00	86.00	17.61	100942.78	14.63	599	718	4

06.05.2017	20:37:31	20.60	53.90	14.00	85.00	17.57	100935.09	14.69	500	723	4

06.05.2017	20:42:32	20.50	54.20	14.00	86.00	17.39	100910.51	14.25	657	746	4

06.05.2017	20:47:33	20.50	54.60	13.00	86.00	16.79	100891.57	13.63	652	735	52

06.05.2017	20:52:35	20.50	55.00	13.00	86.00	16.62	100878.27	13.69	671	734	89

06.05.2017	20:57:36	20.50	55.40	13.00	86.00	16.41	100856.13	13.81	661	729	152

06.05.2017	21:02:37	20.50	55.50	13.00	86.00	16.38	100820.34	13.81	555	728	195

06.05.2017	21:07:39	20.50	55.80	13.00	86.00	16.48	100803.34	13.69	643	738	151

06.05.2017	21:12:40	20.50	55.60	13.00	85.00	16.64	100768.96	13.56	682	735	166

06.05.2017	21:17:41	20.50	55.90	13.00	85.00	16.59	100754.77	13.31	706	730	205

06.05.2017	21:22:42	20.50	55.90	13.00	83.00	16.39	100754.05	13.38	715	729	204

06.05.2017	21:27:44	20.50	55.90	13.00	85.00	16.55	100755.61	13.31	774	730	222

06.05.2017	21:32:45	20.50	56.00	13.00	80.00	16.62	100750.03	13.38	673	734	199

06.05.2017	21:37:46	20.50	56.10	13.00	80.00	16.42	100741.61	13.44	561	736	176

06.05.2017	21:42:47	20.50	56.40	13.00	81.00	16.53	100746.80	13.38	565	751	42

06.05.2017	21:47:49	20.50	56.40	13.00	83.00	16.65	100746.39	13.63	564	752	30

06.05.2017	21:52:50	20.50	56.50	13.00	79.00	16.69	100748.33	13.63	455	745	5

06.05.2017	21:57:51	20.50	56.60	13.00	76.00	16.43	100727.73	13.56	514	757	4

06.05.2017	22:01:02	20.50	56.30	14.00	77.00	16.29	100712.77	13.56	811	758	4

06.05.2017	22:06:03	20.50	56.80	14.00	77.00	16.47	100719.21	13.63	808	759	4

06.05.2017	22:11:04	20.50	57.20	13.00	75.00	16.69	100727.08	13.69	893	760	4

06.05.2017	22:16:06	20.50	56.80	13.00	74.00	16.84	100721.58	13.88	958	760	4

06.05.2017	22:21:07	20.50	57.00	13.00	75.00	16.92	100719.06	13.88	942	760	4

06.05.2017	22:26:08	20.50	57.10	13.00	75.00	16.92	100714.18	13.69	854	762	4

06.05.2017	22:31:09	20.50	57.40	13.00	73.00	16.81	100711.16	13.44	721	761	4

06.05.2017	22:36:11	20.50	57.20	13.00	76.00	16.84	100704.41	13.25	381	762	4

06.05.2017	22:41:12	20.50	57.60	13.00	76.00	16.79	100712.63	13.44	367	764	4

06.05.2017	22:46:13	20.50	57.60	13.00	79.00	16.44	100715.95	13.38	310	765	4

06.05.2017	22:51:14	20.50	57.40	13.00	81.00	16.10	100722.38	13.19	381	763	4

06.05.2017	22:56:16	20.60	57.60	13.00	83.00	16.13	100733.59	13.19	255	764	4

06.05.2017	23:01:17	20.50	57.50	13.00	85.00	16.39	100738.70	13.19	247	767	4

06.05.2017	23:06:18	20.50	57.70	13.00	85.00	16.50	100750.90	13.25	352	766	4

06.05.2017	23:11:19	20.50	57.80	13.00	85.00	16.42	100749.13	13.19	338	766	4

06.05.2017	23:16:01	20.50	57.80	13.00	86.00	16.39	100748.17	13.25	324	767	4

06.05.2017	23:21:03	20.50	58.00	14.00	89.00	16.57	100743.84	13.13	647	769	4

06.05.2017	23:26:04	20.40	57.70	13.00	86.00	15.92	100736.14	12.81	763	769	4

06.05.2017	23:31:05	20.40	57.70	12.00	90.00	16.02	100726.81	12.81	793	769	4

06.05.2017	23:36:06	20.40	57.70	12.00	90.00	15.85	100720.98	12.75	500	769	4

06.05.2017	23:41:08	20.40	57.80	12.00	90.00	16.20	100709.41	12.88	645	768	4

06.05.2017	23:46:09	20.40	57.70	13.00	86.00	16.02	100698.88	12.75	610	771	4

06.05.2017	23:51:10	20.30	57.70	12.00	87.00	16.09	100688.89	12.69	729	772	4

06.05.2017	23:56:11	20.30	57.70	12.00	87.00	16.12	100687.75	12.88	408	770	4

07.05.2017	00:01:12	20.30	57.70	12.00	87.00	16.16	100677.92	13.19	849	772	4

07.05.2017	00:06:14	20.30	57.60	13.00	86.00	15.53	100669.08	12.88	744	772	4

07.05.2017	00:11:15	20.30	57.70	12.00	86.00	16.10	100662.79	12.88	751	773	4

07.05.2017	00:16:16	20.30	57.60	12.00	86.00	15.72	100660.20	12.94	889	773	4

07.05.2017	00:21:17	20.30	57.70	12.00	86.00	15.81	100652.97	12.81	864	773	4

07.05.2017	00:26:19	20.30	57.70	12.00	86.00	15.82	100646.94	12.75	800	774	5

07.05.2017	00:31:20	20.30	57.80	12.00	86.00	15.40	100646.09	12.63	907	773	22

07.05.2017	00:36:21	20.20	57.60	12.00	86.00	15.58	100644.77	12.56	927	773	22

07.05.2017	00:41:22	20.20	57.70	12.00	86.00	15.45	100635.52	12.56	918	765	134

07.05.2017	00:46:24	20.20	57.70	12.00	86.00	15.40	100633.53	12.56	926	769	130

07.05.2017	00:51:25	20.20	57.90	12.00	86.00	15.13	100626.28	12.44	903	766	201

07.05.2017	00:56:26	20.20	57.80	12.00	87.00	15.03	100627.78	12.44	893	764	222

07.05.2017	01:01:27	20.20	57.80	11.00	87.00	15.05	100614.58	12.25	908	759	263

07.05.2017	01:06:29	20.20	57.80	11.00	87.00	14.94	100614.92	12.13	916	759	271

07.05.2017	01:11:30	20.20	57.90	11.00	87.00	15.12	100598.59	12.06	895	751	336

07.05.2017	01:16:31	20.20	58.00	11.00	86.00	15.03	100590.45	12.00	903	752	341

07.05.2017	01:21:32	20.30	57.90	11.00	86.00	14.83	100579.59	11.88	897	763	384

07.05.2017	01:26:34	20.30	57.70	11.00	86.00	14.88	100571.27	11.81	895	759	372

07.05.2017	01:31:35	20.30	57.80	11.00	86.00	14.99	100565.05	11.81	911	755	352

07.05.2017	01:36:36	20.30	57.70	11.00	86.00	14.57	100568.55	11.81	918	766	366

07.05.2017	01:41:37	20.30	57.70	11.00	86.00	14.74	100558.59	11.81	909	765	390

07.05.2017	01:46:39	20.30	57.70	11.00	86.00	14.85	100550.27	11.88	905	760	377

07.05.2017	01:51:40	20.40	57.60	11.00	86.00	14.79	100552.70	11.94	912	765	375

07.05.2017	01:56:41	20.30	57.40	11.00	86.00	14.59	100543.14	12.00	914	761	366

07.05.2017	02:01:42	20.30	57.50	11.00	86.00	15.01	100537.50	12.13	911	764	362

07.05.2017	02:06:44	20.30	57.70	11.00	86.00	14.25	100534.34	12.00	910	766	359

07.05.2017	02:11:45	20.40	57.70	11.00	86.00	14.50	100531.42	12.00	931	779	342

07.05.2017	02:16:46	20.30	57.70	11.00	87.00	14.63	100524.73	12.13	926	788	370

07.05.2017	02:21:47	20.30	57.80	11.00	86.00	14.73	100520.97	12.25	923	776	336

07.05.2017	02:26:49	20.30	57.90	11.00	86.00	14.53	100521.50	12.31	927	791	342

07.05.2017	02:31:50	20.30	57.90	11.00	86.00	14.61	100517.41	12.44	922	782	349

07.05.2017	02:36:51	20.30	57.90	11.00	85.00	14.90	100517.66	12.38	932	788	355

07.05.2017	02:41:52	20.30	57.90	11.00	86.00	14.72	100516.09	12.50	938	793	305

07.05.2017	02:46:54	20.30	57.90	11.00	84.00	15.02	100511.42	12.44	943	793	280

07.05.2017	02:51:55	20.30	57.80	11.00	84.00	15.04	100515.00	12.44	942	795	235

07.05.2017	02:56:56	20.30	57.90	11.00	86.00	15.28	100523.22	12.56	953	792	42

07.05.2017	03:01:57	20.20	57.90	12.00	86.00	15.32	100520.09	12.38	967	791	25

07.05.2017	03:06:59	20.20	57.90	12.00	87.00	15.29	100511.81	12.31	970	790	22

07.05.2017	03:12:00	20.20	58.10	12.00	90.00	15.26	100503.17	12.38	968	790	22

07.05.2017	03:17:01	20.10	58.00	12.00	92.00	15.34	100506.72	12.31	975	791	21

07.05.2017	03:22:02	20.10	58.10	12.00	92.00	15.32	100506.24	12.44	865	791	21

07.05.2017	03:27:04	20.10	58.10	12.00	92.00	15.30	100496.47	12.38	577	790	21

07.05.2017	03:32:05	20.00	58.50	12.00	92.00	15.17	100460.34	12.44	940	791	21

07.05.2017	03:37:06	20.00	58.30	12.00	92.00	15.21	100436.84	12.38	943	789	21

07.05.2017	03:42:07	20.00	58.40	12.00	92.00	15.23	100455.61	12.44	945	792	21

07.05.2017	03:47:09	20.00	58.40	12.00	92.00	15.21	100480.05	12.56	939	791	21

07.05.2017	03:52:10	20.00	58.50	12.00	90.00	14.98	100495.63	12.44	951	791	20

07.05.2017	03:57:11	20.00	58.50	12.00	90.00	14.96	100500.86	12.44	715	791	21

07.05.2017	04:02:12	20.00	58.40	11.00	92.00	14.83	100518.48	12.44	985	791	21

07.05.2017	04:07:14	20.00	58.60	11.00	92.00	14.67	100529.44	12.44	991	792	21

07.05.2017	04:12:15	20.00	58.50	11.00	92.00	15.06	100524.28	12.56	992	794	21

07.05.2017	04:17:16	20.00	58.50	12.00	90.00	14.79	100523.90	12.63	997	793	21

07.05.2017	04:22:17	20.00	58.50	11.00	87.00	14.82	100517.36	12.56	997	792	20

07.05.2017	04:27:19	19.90	58.40	11.00	90.00	15.04	100513.88	12.56	998	794	21

07.05.2017	04:32:20	20.00	58.50	12.00	87.00	15.13	100514.64	12.50	999	793	20

07.05.2017	04:37:21	19.90	58.60	12.00	87.00	14.85	100524.02	12.50	998	791	20

07.05.2017	04:42:22	20.00	58.60	11.00	87.00	14.84	100518.01	12.50	998	794	20

07.05.2017	04:47:24	20.00	58.70	11.00	87.00	14.88	100521.74	12.44	802	792	20

07.05.2017	04:52:25	20.00	58.70	11.00	87.00	14.78	100518.84	12.50	1000	794	20

07.05.2017	04:57:26	20.00	58.70	11.00	89.00	14.91	100516.86	12.50	1001	793	20

07.05.2017	05:02:27	20.00	58.80	11.00	87.00	15.03	100505.07	12.50	1000	793	20

07.05.2017	05:07:29	19.90	58.40	12.00	87.00	15.20	100503.54	12.63	998	788	20

07.05.2017	05:12:30	19.90	58.60	12.00	86.00	15.13	100498.34	12.56	895	775	20

07.05.2017	05:17:31	20.00	58.70	12.00	86.00	15.17	100513.97	12.63	1002	756	20

07.05.2017	05:22:32	19.90	58.50	12.00	85.00	15.12	100508.77	12.50	1004	726	19

07.05.2017	05:27:34	20.00	58.60	12.00	86.00	14.98	100503.61	12.44	1000	666	20

07.05.2017	05:32:35	20.00	58.70	12.00	87.00	15.08	100498.69	12.50	1004	603	20

07.05.2017	05:37:36	19.90	58.50	12.00	86.00	15.14	100493.79	12.50	1003	544	20

07.05.2017	05:42:37	19.90	58.50	12.00	86.00	15.07	100502.44	12.44	1001	491	20

07.05.2017	05:47:39	19.90	58.50	12.00	87.00	15.04	100498.70	12.44	995	448	20

07.05.2017	05:52:40	20.00	58.70	12.00	87.00	15.14	100506.02	12.44	999	409	20

07.05.2017	05:57:41	19.90	58.60	12.00	87.00	15.00	100499.20	12.38	996	375	20

07.05.2017	06:02:42	20.00	58.60	11.00	87.00	15.06	100509.61	12.50	998	340	20

07.05.2017	06:07:44	19.90	58.60	12.00	86.00	15.23	100516.41	12.56	704	339	20

07.05.2017	06:12:45	19.90	58.60	12.00	85.00	14.92	100529.05	12.50	603	326	20

07.05.2017	06:17:46	19.90	58.60	12.00	86.00	14.90	100543.73	12.44	997	277	20

07.05.2017	06:22:47	19.90	58.50	11.00	86.00	15.03	100555.27	12.44	684	217	20

07.05.2017	06:27:48	19.90	58.60	12.00	86.00	15.14	100562.22	12.75	735	168	20

07.05.2017	06:32:50	19.90	58.50	12.00	86.00	15.28	100561.20	12.88	1000	157	20

07.05.2017	06:37:51	19.90	58.50	12.00	84.00	15.42	100566.67	12.94	1002	141	20

07.05.2017	06:42:52	19.90	58.50	12.00	84.00	15.51	100570.59	13.13	1005	144	20

07.05.2017	06:47:53	20.00	58.50	12.00	84.00	15.48	100588.20	13.19	1002	145	20

07.05.2017	06:52:55	19.90	58.50	12.00	84.00	15.50	100591.29	13.19	1003	131	20

07.05.2017	06:57:56	20.00	58.50	12.00	84.00	15.51	100592.59	13.31	1006	119	20

07.05.2017	07:02:57	20.00	58.50	12.00	86.00	15.43	100601.61	13.44	1008	107	20

07.05.2017	07:07:58	20.00	58.40	12.00	84.00	15.86	100600.23	13.69	1005	97	20

07.05.2017	07:13:00	20.00	58.40	13.00	81.00	15.75	100601.77	14.00	1008	88	19

07.05.2017	07:18:01	20.00	58.10	13.00	79.00	16.34	100604.16	16.00	1001	82	20

07.05.2017	07:23:02	20.10	58.10	13.00	77.00	16.81	100596.11	17.63	1007	77	20

07.05.2017	07:28:03	20.20	57.70	14.00	74.00	17.14	100600.98	18.00	998	78	20

07.05.2017	07:33:05	20.30	57.40	14.00	73.00	18.05	100597.69	21.81	994	75	20

07.05.2017	07:38:06	20.30	57.10	15.00	71.00	18.37	100603.75	23.56	1000	75	20

07.05.2017	07:43:07	20.40	57.10	16.00	70.00	19.18	100598.55	23.63	1008	72	20

07.05.2017	07:48:09	20.40	56.90	16.00	69.00	19.10	100599.20	24.06	1009	72	20

07.05.2017	07:53:10	20.40	56.70	16.00	70.00	19.18	100599.55	23.06	996	75	20

07.05.2017	07:58:11	20.50	56.60	16.00	70.00	19.32	100609.75	23.06	999	76	20

07.05.2017	08:03:12	20.50	56.40	16.00	69.00	19.50	100611.41	22.13	999	77	20

07.05.2017	08:08:14	20.50	56.40	16.00	69.00	18.41	100618.76	18.06	1004	74	20

07.05.2017	08:13:15	20.50	56.30	16.00	70.00	19.11	100621.64	19.88	1009	75	20

07.05.2017	08:18:16	20.50	56.20	16.00	69.00	19.55	100620.80	20.44	1010	76	20

07.05.2017	08:23:17	20.60	56.10	16.00	69.00	19.22	100617.01	17.44	1009	76	22

07.05.2017	08:28:19	20.60	56.10	16.00	68.00	19.23	100613.89	20.19	1010	78	23

07.05.2017	08:33:20	20.70	56.10	16.00	69.00	19.68	100626.27	19.25	1009	76	23

07.05.2017	08:38:21	20.70	56.00	16.00	68.00	20.31	100625.54	20.81	1009	74	23

07.05.2017	08:43:22	20.70	55.90	17.00	67.00	20.71	100627.80	24.75	1010	75	23

07.05.2017	08:48:23	20.70	55.60	17.00	65.00	19.78	100636.23	20.50	1009	76	23

07.05.2017	08:53:25	20.50	55.60	17.00	67.00	20.19	100635.17	20.69	1010	78	23

07.05.2017	08:58:26	20.30	55.70	17.00	68.00	20.32	100632.08	24.69	1010	78	23

07.05.2017	09:03:27	20.10	55.80	17.00	67.00	20.49	100634.80	24.63	1009	73	23

07.05.2017	09:08:28	20.10	56.70	17.00	67.00	19.77	100646.78	20.69	1010	78	22

07.05.2017	09:13:30	20.10	55.90	17.00	67.00	19.70	100649.05	19.81	1010	72	21

07.05.2017	09:18:31	20.10	56.40	16.00	69.00	19.49	100657.69	19.19	1011	72	20

07.05.2017	09:23:32	20.00	56.30	16.00	69.00	19.79	100651.98	18.69	1011	74	19

07.05.2017	09:28:33	20.00	56.40	16.00	68.00	19.53	100654.48	18.50	1011	76	20

07.05.2017	09:33:35	19.90	56.50	16.00	70.00	19.61	100652.02	18.50	1011	76	20

07.05.2017	09:38:36	19.80	56.00	16.00	68.00	19.51	100650.26	18.44	1011	79	20

07.05.2017	09:43:37	19.80	55.70	16.00	69.00	19.26	100653.52	18.75	1011	81	20

07.05.2017	09:48:38	19.70	56.70	16.00	71.00	19.00	100659.55	19.81	1011	82	20

07.05.2017	09:53:40	19.70	56.80	16.00	71.00	18.86	100660.96	19.88	1011	83	20

07.05.2017	09:58:41	19.60	57.50	15.00	72.00	19.27	100663.35	21.25	1011	83	20

07.05.2017	10:03:42	19.50	57.20	16.00	71.00	19.32	100662.75	19.06	1011	80	20

07.05.2017	10:08:43	19.50	57.50	16.00	71.00	19.72	100667.56	18.69	1011	78	18

07.05.2017	10:13:45	19.60	57.20	16.00	70.00	19.88	100671.31	19.00	1011	74	17

07.05.2017	10:18:46	19.60	56.90	17.00	68.00	19.96	100682.02	19.50	1010	75	18

07.05.2017	10:23:47	19.60	57.20	17.00	68.00	20.07	100675.67	18.88	1011	81	20

07.05.2017	10:28:48	19.60	56.90	17.00	66.00	20.02	100678.75	18.69	1011	84	20

07.05.2017	10:33:50	19.70	57.10	17.00	68.00	19.68	100680.45	18.31	1011	85	20

07.05.2017	10:38:51	19.60	56.70	16.00	70.00	19.63	100678.90	17.44	1011	87	20

07.05.2017	10:43:52	19.70	56.40	16.00	68.00	19.65	100674.59	17.81	1011	87	20

07.05.2017	10:48:53	19.60	57.00	16.00	70.00	19.32	100678.99	17.63	1011	85	20

07.05.2017	10:53:55	19.60	57.40	16.00	71.00	19.36	100689.94	17.44	1011	86	20

07.05.2017	10:58:56	19.50	56.80	16.00	69.00	19.55	100697.28	17.81	1011	86	20

07.05.2017	11:03:57	19.50	56.80	16.00	70.00	19.31	100692.64	17.56	1011	88	20

07.05.2017	11:08:58	19.40	57.70	16.00	71.00	19.33	100700.81	17.50	1011	88	20

07.05.2017	11:13:59	19.40	57.80	16.00	71.00	19.54	100695.19	17.94	1011	87	20

07.05.2017	11:19:01	19.50	57.10	16.00	70.00	19.69	100691.61	17.69	1011	88	20

07.05.2017	11:24:02	19.40	57.20	16.00	69.00	19.38	100697.97	17.69	1011	87	20

07.05.2017	11:29:03	19.40	57.30	16.00	70.00	19.45	100697.32	17.56	1011	88	20

07.05.2017	11:34:04	19.40	57.60	16.00	71.00	19.51	100700.98	17.69	1011	87	20

07.05.2017	11:39:06	19.40	57.50	16.00	70.00	19.69	100711.44	18.19	1011	87	20

07.05.2017	11:44:07	19.30	57.70	16.00	70.00	19.78	100709.95	18.50	1011	85	20

07.05.2017	11:49:08	19.50	57.80	17.00	69.00	19.83	100707.56	18.19	1011	87	20

07.05.2017	11:54:09	19.40	57.70	16.00	70.00	20.09	100711.44	18.00	1011	84	20

07.05.2017	11:59:11	19.50	57.20	17.00	67.00	20.25	100706.86	18.69	1011	84	20

07.05.2017	12:03:33	19.60	57.30	17.00	66.00	20.07	100709.70	18.44	1007	80	23

07.05.2017	12:08:34	19.60	56.90	19.00	67.00	20.46	100702.60	18.38	1011	77	20

07.05.2017	12:13:36	19.60	56.70	17.00	65.00	20.31	100710.34	18.19	1011	77	20

07.05.2017	12:18:37	19.70	56.40	17.00	64.00	20.59	100699.80	18.69	1011	75	20

07.05.2017	12:23:38	19.70	56.10	17.00	64.00	20.42	100708.75	18.44	1011	75	20

07.05.2017	12:28:39	19.60	56.50	17.00	64.00	20.55	100698.09	18.75	1011	72	20

07.05.2017	12:33:41	19.70	56.20	17.00	64.00	20.68	100699.10	18.81	1011	71	21

07.05.2017	12:38:42	19.70	56.50	17.00	64.00	21.14	100699.45	19.19	1010	76	23

07.05.2017	12:43:43	19.80	56.40	18.00	64.00	21.46	100706.00	19.44	1010	74	23

07.05.2017	12:48:44	19.80	55.80	19.00	61.00	22.05	100709.13	19.56	1009	71	23

07.05.2017	12:53:46	19.80	56.40	19.00	60.00	22.71	100705.59	20.06	1009	69	23

07.05.2017	12:58:47	19.80	55.30	20.00	59.00	22.68	100704.03	19.56	1010	69	23

07.05.2017	13:03:48	19.90	54.70	20.00	56.00	22.85	100708.09	19.94	1010	70	23

07.05.2017	13:08:49	20.00	56.40	20.00	59.00	23.11	100695.17	19.69	1010	71	23

07.05.2017	13:13:51	20.00	54.70	20.00	57.00	22.94	100700.05	19.75	1010	72	23

07.05.2017	13:18:52	20.10	56.00	20.00	59.00	23.18	100693.25	20.44	1010	73	22

07.05.2017	13:23:53	20.10	55.10	20.00	59.00	23.10	100693.22	19.94	1010	73	23

07.05.2017	13:28:54	20.10	55.40	20.00	60.00	22.79	100700.70	19.50	1009	74	23

07.05.2017	13:33:56	20.10	55.60	20.00	60.00	22.83	100693.14	19.13	1009	72	23

07.05.2017	13:38:57	20.10	55.70	19.00	60.00	23.14	100685.65	19.31	980	63	23

